
0.0471569,553545,1.10843e-09
0.0476285,517531,1.13771e-09
0.0481047,503819,1.19163e-09
0.0485858,493829,1.25236e-09
0.0490717,475722,1.30483e-09
0.0495624,463247,1.36685e-09
0.050058,436784,1.40893e-09
0.0505586,435710,1.49381e-09
0.0510642,424564,1.56535e-09
0.0515748,386754,1.58593e-09
0.0520905,352843,1.60799e-09
0.0526115,359897,1.72398e-09
0.0531376,335235,1.76628e-09
0.0536689,325591,1.84782e-09
0.0542056,321634,1.94964e-09
0.0547477,300350,1.64763e-09
0.0552952,284412,1.28996e-09
0.0558481,272589,1.34057e-09
0.0564066,266256,1.40644e-09
0.0569707,263247,1.48452e-09
0.0575404,249835,1.53521e-09
0.0581158,244526,1.61228e-09
0.0586969,241585,1.70119e-09
0.0592839,234610,1.77964e-09
0.0598767,227180,1.85904e-09
0.0604755,220534,1.94433e-09
0.0610803,220090,2.062e-09
0.0616911,204009,2.10733e-09
0.062308,197782,2.20264e-09
0.0629311,193753,2.31436e-09
0.0635604,190379,2.43531e-09
0.064196,190381,2.58531e-09
0.0648379,186893,2.71926e-09
0.0654863,178557,3.02691e-09
0.0661412,176048,3.80545e-09
0.0668026,174533,4.02215e-09
0.0674706,166235,4.16685e-09
0.0681453,165019,4.40699e-09
0.0688268,161860,4.63312e-09
0.069515,154876,4.81087e-09
0.0702102,152142,5.06157e-09
0.0709123,149610,5.32805e-09
0.0716214,144986,5.56775e-09
0.0723376,139730,5.80217e-09
0.073061,134799,6.04947e-09
0.0737916,131936,6.35305e-09
0.0745295,125747,6.58383e-09
0.0752748,125798,6.99028e-09
0.0760276,117367,7.16738e-09
0.0767878,114315,7.50873e-09
0.0775557,111973,7.88858e-09
0.0783313,107802,8.21645e-09
0.0791146,103659,8.55268e-09
0.0799057,101215,8.97121e-09
0.0807048,96534.2,9.3003e-09
0.0815118,93349.4,9.70824e-09
0.082327,89742.5,1.01044e-08
0.0831502,87706.8,1.06037e-08
0.0839817,83854.7,1.10061e-08
0.0848216,79879.4,1.14029e-08
0.0856698,78141.8,1.1972e-08
0.0865265,74315.6,1.23935e-08
0.0873917,71870.1,1.29377e-08
0.0882656,68565,1.34141e-08
0.0891483,65690,1.39376e-08
0.0900398,63472.1,1.45432e-08
0.0909402,60297.7,1.50469e-08
0.0918496,57956.6,1.56594e-08
0.0927681,56503.1,1.6413e-08
0.0936958,53679.9,1.69819e-08
0.0946327,51492.7,1.76556e-08
0.0955791,48952.1,1.82736e-08
0.0965348,47101.2,1.90275e-08
0.0975002,45087.1,1.97616e-08
0.0984752,42746.8,2.04256e-08
0.0994599,41189.9,2.12837e-08
0.100455,39802.1,2.22092e-08
0.101459,38117.8,2.30713e-08
0.102474,36224.5,2.38747e-08
0.103498,34848.1,2.48573e-08
0.104533,33076.6,2.57072e-08
0.105579,31992,2.68375e-08
0.106635,30483.6,2.78089e-08
0.107701,28911.1,2.87483e-08
0.108778,27458.4,2.97403e-08
0.109866,26092.5,3.07747e-08
0.110964,25232,3.21248e-08
0.112074,23974.5,3.32406e-08
0.113195,22824.7,3.4429e-08
0.114327,21650.9,3.55949e-08
0.11547,20580.5,3.68389e-08
0.116625,19614.3,3.81762e-08
0.117791,18703.2,3.95725e-08
0.118969,17654,4.08118e-08
0.120158,16745,4.21925e-08
0.12136,15737.4,4.34198e-08
0.122574,15076.9,4.51135e-08
0.123799,14288.1,4.66192e-08
0.125037,13454.8,4.80226e-08
0.126288,12758.8,4.96411e-08
0.127551,11974.1,5.10489e-08
0.128826,11332.5,5.27176e-08
0.130114,10860.1,5.4782e-08
0.131416,10180.1,5.63022e-08
0.13273,9537.18,5.7848e-08
0.134057,9047,5.9808e-08
0.135398,8529.34,6.16444e-08
0.136752,8034.8,6.35114e-08
0.138119,7486.47,6.50776e-08
0.1395,6955.19,6.65849e-08
0.140895,6231.19,6.69013e-08
0.142304,6130.52,7.04413e-08
0.143727,5788.51,7.26592e-08
0.145164,5416.37,7.46087e-08
0.146616,5065.31,7.65892e-08
0.148082,4700.19,7.8316e-08
0.149563,4387.87,8.03245e-08
0.151059,4063.54,8.20544e-08
0.152569,3785.29,8.40674e-08
0.154095,3520.97,8.60672e-08
0.155636,3292.71,8.83511e-08
0.157192,3046.56,9.02129e-08
0.158764,2842.96,9.25076e-08
0.160352,2629.15,9.4434e-08
0.161955,2374.92,9.52737e-08
0.163575,2170.94,9.66944e-08
0.165211,2053.39,9.98256e-08
0.166863,1932.03,1.02788e-07
0.168531,1806.11,1.05496e-07
0.170217,1682.3,1.0808e-07
0.171919,1567.24,1.10736e-07
0.173638,1440.56,1.12698e-07
0.175375,1359.28,1.16207e-07
0.177128,1262.74,1.18895e-07
0.1789,1209.37,1.23514e-07
0.180689,1133.25,1.26919e-07
0.182495,1066.65,1.30709e-07
0.18432,994.998,1.34009e-07
0.186164,937.646,1.38092e-07
0.188025,874.811,1.41591e-07
0.189905,817.447,1.45291e-07
0.191805,762.517,1.48957e-07
0.193723,709.826,1.5256e-07
0.19566,664.08,1.56641e-07
0.197616,614.62,1.59966e-07
0.199593,577.042,1.64534e-07
0.201588,537.55,1.68574e-07
0.203604,500.86,1.7273e-07
0.20564,464.154,1.7651e-07
0.207697,431.113,1.80577e-07
0.209774,400.623,1.84784e-07
0.211872,372.758,1.89207e-07
0.21399,344.933,1.93206e-07
0.21613,319.226,1.97302e-07
0.218291,296.575,2.01873e-07
0.220474,273.954,2.05957e-07
0.222679,253.415,2.10273e-07
0.224906,233.939,2.1446e-07
0.227155,215.526,2.18512e-07
0.229427,194.388,2.20286e-07
0.231721,179.134,2.24476e-07
0.234038,165.682,2.29164e-07
0.236378,154.134,2.34632e-07
0.238742,142.659,2.39617e-07
0.24113,131.81,2.44495e-07
0.243541,121.628,2.49311e-07
0.245976,112.163,2.54142e-07
0.248436,103.002,2.58525e-07
0.25092,94.2752,2.62547e-07
0.25343,86.3483,2.66725e-07
0.255964,79.1437,2.71065e-07
0.258524,72.2939,2.75008e-07
0.261109,65.8516,2.78615e-07
0.26372,59.8736,2.82012e-07
0.266357,53.8837,2.83992e-07
0.269021,47.8713,2.84147e-07
0.271711,42.5716,2.84441e-07
0.274428,37.7922,2.84486e-07
0.277172,33.4084,2.83932e-07
0.279944,30.1331,2.86244e-07
0.282743,27.2771,2.89096e-07
0.285571,24.3887,2.90178e-07
0.288427,21.6263,2.9006e-07
0.291311,19.1659,2.89861e-07
0.294224,16.9535,2.89389e-07
0.297166,14.9309,2.88285e-07
0.300138,13.1668,2.87374e-07
0.303139,11.506,2.85165e-07
0.306171,10.2881,2.8624e-07
0.309232,9.06838,2.85269e-07
0.312325,7.92498,2.83084e-07
0.315448,7.16451,2.85718e-07
0.318602,6.31511,2.84749e-07
0.321788,5.40216,2.79565e-07
0.325006,4.82218,2.80381e-07