
1.00798,34.3636,1.31039
1.01433,36.5453,1.35135
1.02069,37.4609,1.36817
1.02704,39.3833,1.40284
1.0334,41.5347,1.44064
1.03975,42.8115,1.46262
1.04611,43.8944,1.481
1.05246,45.8595,1.51379
1.05882,45.8425,1.51351
1.06517,46.1795,1.51906
1.07153,48.4656,1.55621
1.07788,47.0858,1.53389
1.08424,48.5751,1.55796
1.09059,47.6625,1.54326
1.09695,51.1227,1.5983
1.1033,51.6903,1.60715
1.10966,52.9768,1.62702
1.11601,56.5014,1.68027
1.12237,48.2775,1.55318
1.12872,51.1654,1.59897
1.13508,53.978,1.64233
1.14143,53.8041,1.63968
1.14779,57.4874,1.69487
1.15414,56.4174,1.67903
1.1605,59.5605,1.72516
1.16685,60.6842,1.74136
1.17321,60.3335,1.73632
1.17956,59.3383,1.72194
1.18591,63.7422,1.7847
1.19227,60.2333,1.73488
1.19862,68.7809,1.85389
1.20498,68.5367,1.8506
1.21133,68.5283,1.85049
1.21769,69.5149,1.86376
1.22404,65.826,1.81363
1.2304,68.7363,1.85329
1.23675,71.4927,1.89009
1.24311,75.0374,1.93638
1.24946,74.0766,1.92394
1.25582,78.1171,1.97571
1.26217,77.4152,1.96682
1.26853,82.6485,2.03221
1.27488,83.19,2.03885
1.28124,86.878,2.08356
1.28759,89.1223,2.1103
1.29395,90.6147,2.12789
1.3003,93.1105,2.157
1.30666,91.7058,2.14067
1.31301,92.0201,2.14433
1.31937,92.6983,2.15222
1.32572,90.2821,2.12399
1.33208,92.7067,2.15232
1.33843,94.0821,2.16822
1.34479,95.5447,2.18501
1.35114,96.1234,2.19162
1.3575,92.7905,2.15329
1.36385,97.5121,2.2074
1.37021,98.5357,2.21895
1.37656,100.858,2.24494
1.38292,100.699,2.24318
1.38927,100.608,2.24216
1.39563,104.815,2.28856
1.40198,107.403,2.31664
1.40834,104.233,2.2822
1.41469,107.7,2.31985
1.42105,109.07,2.33455
1.4274,110.112,2.34567
1.43376,114.659,2.39362
1.44011,115.442,2.40177
1.44647,112.898,2.37516
1.45282,117.774,2.42591
1.45918,118.285,2.43117
1.46553,118.758,2.43603
1.47189,119.987,2.4486
1.47824,122.344,2.47254
1.4846,119.82,2.4469
1.49095,118.743,2.43588
1.49731,121.234,2.46129
1.50366,124.272,2.49194
1.51002,116.743,2.41527
1.51637,118.868,2.43715
1.52273,115.661,2.40406
1.52908,115.588,2.4033
1.53544,113.86,2.38526
1.54179,115.122,2.39845
1.54815,121.803,2.46706
1.5545,127.681,2.52588
1.56086,126.738,2.51655
1.56721,130.947,2.55799
1.57357,131.417,2.56257
1.57992,135.36,2.60074
1.58628,136.637,2.61297
1.59263,138.069,2.62663
1.59899,138.822,2.63378
1.60534,139.264,2.63797
1.6117,142.11,2.66479
1.61805,142.891,2.67211
1.62441,141.799,2.66187
1.63076,144.702,2.68899
1.63712,143.26,2.67555
1.64347,145.296,2.69449
1.64982,149.382,2.73212
1.65618,153.004,2.76505
1.66253,151.578,2.75212
1.66889,153.093,2.76585
1.67524,152.876,2.76388
1.6816,158.017,2.80998
1.68795,152.473,2.76024
1.69431,154.68,2.78015
1.70066,161.016,2.83652
1.70702,158.586,2.81503
1.71337,162.52,2.84973
1.71973,164.94,2.87087
1.72608,163.611,2.85928
1.73244,164.455,2.86664
1.73879,170.545,2.91925
1.74515,169.583,2.91099
1.7515,172.486,2.93581
1.75786,173.011,2.94027
1.76421,171.183,2.92469
1.77057,176.773,2.97207
1.77692,175.999,2.96556
1.78328,177.894,2.98148
1.78963,179.38,2.9939
1.79599,182.614,3.02077
1.80234,182.93,3.02339
1.8087,186.688,3.05428
1.81505,191.662,3.0947
1.82141,195,3.12153
1.82776,195.103,3.12236
1.83412,187.54,3.06124
1.84047,197.306,3.13994
1.84683,197.475,3.14128
1.85318,195.014,3.12165
1.85954,200.847,3.16799
1.86589,201.921,3.17644
1.87225,211.269,3.24914
1.8786,206.717,3.21395
1.88496,206.631,3.21328
1.89131,212.709,3.2602
1.89767,216.318,3.28773
1.90402,221.625,3.32782
1.91038,222.705,3.33592
1.91673,229.58,3.38702
1.92309,232.069,3.40533
1.92944,233.237,3.41389
1.9358,234.36,3.4221
1.94215,236.383,3.43683
1.94851,245.784,3.50451
1.95486,240.663,3.46781
1.96122,245.388,3.50169
1.96757,238.755,3.45403
1.97393,238.264,3.45048
1.98028,238.623,3.45308
1.98664,246.777,3.51158
1.99299,248.351,3.52277
1.99935,253.306,3.55773
2.0057,258.529,3.59423
2.01206,260.555,3.60828
2.01841,258.181,3.59181
2.02477,259.845,3.60336
2.03112,259.963,3.60418
2.03748,264.947,3.63856
2.04383,274.365,3.70267
2.05019,285.329,3.77593
2.05654,287.953,3.79325
2.0629,286.434,3.78323
2.06925,295.28,3.8412
2.07561,300.632,3.87586
2.08196,308.169,3.92415
2.08832,310.59,3.93953
2.09467,305.242,3.90547
2.10102,305.165,3.90497
2.10738,314.377,3.96348
2.11373,312.597,3.95224
2.12009,317.578,3.9836
2.12644,320.706,4.00317
2.1328,329.475,4.05753
2.13915,336.616,4.10127
2.14551,341.69,4.13206
2.15186,345.291,4.15378
2.15822,335.576,4.09493
2.16457,345.382,4.15433
2.17093,350.739,4.18642
2.17728,354.806,4.21062
2.18364,364.018,4.26493
2.18999,365.777,4.27522
2.19635,369.226,4.29533
2.2027,381.211,4.36449
2.20906,383.539,4.3778
2.21541,386.835,4.39657
2.22177,392.756,4.43009
2.22812,397.289,4.45558
2.23448,401.878,4.48124
2.24083,392.008,4.42586
2.24719,404.089,4.49355
2.25354,407.746,4.51383
2.2599,417.312,4.56647
2.26625,425.281,4.60987
2.27261,425.215,4.60951
2.27896,428.172,4.62552
2.28532,433.295,4.6531
2.29167,442.773,4.70372
2.29803,442.599,4.70279
2.30438,446.995,4.72609
2.31074,456.246,4.77475
2.31709,463.692,4.81355
2.32345,467.145,4.83144
2.3298,460.002,4.79436
2.33616,465.695,4.82394
2.34251,465.275,4.82176
2.34887,456.826,4.77778
2.35522,463.742,4.81381
2.36158,464.998,4.82033
2.36793,467.056,4.83098
2.37429,464.909,4.81986
2.38064,467.847,4.83507
2.387,479.477,4.8948
2.39335,483.595,4.91577
2.39971,496.257,4.97971
2.40606,499.326,4.99509
2.41242,505.355,5.02515
2.41877,500.336,5.00013
2.42513,510.257,5.04946
2.43148,516.814,5.0818
2.43784,519.602,5.09549
2.44419,527.219,5.13271
2.45055,534.548,5.16826
2.4569,538.469,5.18718
2.46326,548.334,5.23448
2.46961,545.027,5.21867
2.47597,551.138,5.24785
2.48232,545.938,5.22303
2.48868,561.933,5.29899
2.49503,564.693,5.31198
2.50139,554.69,5.26473
2.50774,555.143,5.26688
2.5141,551.802,5.25101
2.52045,561.277,5.2959
2.52681,568.912,5.3318
2.53316,561.468,5.29679
2.53952,556.955,5.27547
2.54587,568.937,5.33191
2.55223,557.713,5.27905
2.55858,557.815,5.27954
2.56493,558.98,5.28505
2.57129,572.792,5.34994
2.57764,567.145,5.32351
2.584,563.97,5.30858
2.59035,565.695,5.3167
2.59671,563.645,5.30706
2.60306,564.096,5.30918
2.60942,557.063,5.27598
2.61577,556.082,5.27133
2.62213,559.888,5.28934
2.62848,560.936,5.29428
2.63484,550.376,5.24422
2.64119,560.235,5.29098
2.64755,562.903,5.30356
2.6539,562.133,5.29993
2.66026,554.854,5.2655
2.66661,556.945,5.27542
2.67297,550.429,5.24447
2.67932,552.304,5.25339
2.68568,544.317,5.21527
2.69203,546.701,5.22668
2.69839,543.711,5.21237
2.70474,546.533,5.22588
2.7111,551.506,5.24959
2.71745,552.034,5.25211
2.72381,542.524,5.20667
2.73016,547.719,5.23154
2.73652,537.556,5.18278
2.74287,538.06,5.18521
2.74923,540.22,5.1956
2.75558,532.901,5.16029
2.76194,531.153,5.15182
2.76829,520.51,5.09994
2.77465,525.979,5.12667
2.781,521.953,5.10701
2.78736,523.053,5.11239
2.79371,514.688,5.07134
2.80007,520.281,5.09882
2.80642,516.072,5.07816
2.81278,507.836,5.03747
2.81913,504.735,5.02207
2.82549,514.248,5.06917
2.83184,512.531,5.06071
2.8382,497.905,4.98797
2.84455,508.788,5.04219
2.85091,504.866,5.02272
2.85726,502.647,5.01167
2.86362,506.088,5.02879
2.86997,506.77,5.03218
2.87633,515.073,5.07324
2.88268,503.556,5.0162
2.88904,507.477,5.03569
2.89539,511.452,5.05538
2.90175,509.079,5.04363
2.9081,508.438,5.04045
2.91446,503.47,5.01577
2.92081,505.189,5.02432
2.92717,508.726,5.04188
2.93352,497.829,4.98759
2.93988,495.241,4.97461
2.94623,497.734,4.98711
2.95259,500.173,4.99932
2.95894,501.357,5.00524
2.9653,487.706,4.93662
2.97165,486.222,4.92911
2.97801,493.309,4.9649
2.98436,495.047,4.97364
2.99072,491.626,4.95642
2.99707,485.384,4.92485
3.00343,477.4,4.88419
3.00978,485.867,4.9273
3.01613,485.305,4.92446
3.02249,483.596,4.91578
3.02884,484.256,4.91913
3.0352,477.16,4.88295
3.04155,478.181,4.88817
3.04791,477.713,4.88578
3.05426,473.151,4.8624
3.06062,474.835,4.87104
3.06697,462.71,4.80845
3.07333,464.113,4.81574
3.07968,461.336,4.80131
3.08604,463.441,4.81225
3.09239,460.32,4.79602
3.09875,460.145,4.7951
3.1051,453.896,4.76243
3.11146,455.311,4.76985
3.11781,450.222,4.74312
3.12417,451.502,4.74986
3.13052,442.735,4.70351
3.13688,443.92,4.70981
3.14323,447.712,4.72988
3.14959,437.09,4.67343
3.15594,438.9,4.6831
3.1623,438.761,4.68236
3.16865,433.507,4.65424
3.17501,441.012,4.69436
3.18136,432.713,4.64998
3.18772,430.296,4.63697
3.19407,433.72,4.65538
3.20043,420.791,4.58547
3.20678,428.979,4.62987
3.21314,420.42,4.58345
3.21949,426.481,4.61637
3.22585,421.288,4.58818
3.2322,422.395,4.5942
3.23856,410.872,4.5311
3.24491,415.593,4.55706
3.25127,406.915,4.50924
3.25762,410.576,4.52947
3.26398,400.758,4.47499
3.27033,411.005,4.53184
3.27669,400.282,4.47233
3.28304,399.136,4.46592
3.2894,406.088,4.50465
3.29575,393.274,4.43301
3.30211,397.198,4.45507
3.30846,398.63,4.46309
3.31482,395.239,4.44407
3.32117,396.93,4.45356
3.32753,401.796,4.48078
3.33388,394.555,4.44022
3.34024,387.704,4.4015
3.34659,394.206,4.43826
3.35295,380.203,4.35871
3.3593,381.855,4.36817
3.36566,382.82,4.37369
3.37201,384.026,4.38057
3.37837,381.289,4.36494
3.38472,375.48,4.33156
3.39108,373.593,4.32066
3.39743,371.76,4.31005
3.40379,372.74,4.31573
3.41014,365.186,4.27177
3.4165,368.851,4.29315
3.42285,363.61,4.26254
3.42921,367.393,4.28466
3.43556,354.118,4.20654
3.44192,359.238,4.23684
3.44827,356.525,4.22081
3.45463,357.357,4.22573
3.46098,360.786,4.24596
3.46734,361.433,4.24976
3.47369,362.893,4.25833
3.48004,346.328,4.16001
3.4864,348.176,4.1711
3.49275,347.547,4.16733
3.49911,347.244,4.16551
3.50546,346.51,4.1611
3.51182,344.157,4.14695
3.51817,336.531,4.10075
3.52453,343.034,4.14018
3.53088,348.039,4.17028
3.53724,338.016,4.10979
3.54359,331.677,4.07107
3.54995,324.691,4.02797
3.5563,326.41,4.03861
3.56266,324.915,4.02936
3.56901,322.734,4.01581
3.57537,327.192,4.04345
3.58172,322.75,4.01591
3.58808,321.194,4.00621
3.59443,321.408,4.00755
3.60079,324.639,4.02764
3.60714,316.362,3.97597
3.6135,319.083,3.99303
3.61985,318.513,3.98946
3.62621,312.189,3.94966
3.63256,309.196,3.93068
3.63892,309.759,3.93425
3.64527,308.225,3.9245
3.65163,302.998,3.89108
3.65798,296.318,3.84796
3.66434,305.25,3.90552
3.67069,299.631,3.8694
3.67705,301.635,3.88233
3.6834,297.159,3.85341
3.68976,292.342,3.82205
3.69611,283.909,3.76652
3.70247,286.983,3.78686
3.70882,285.95,3.78003
3.71518,281.338,3.74943
3.72153,281.327,3.74935
3.72789,283.828,3.76599
3.73424,284.205,3.76849
3.7406,284.816,3.77253
3.74695,281.095,3.74781
3.75331,278.983,3.7337
3.75966,278.615,3.73124
3.76602,272.665,3.69118
3.77237,268.95,3.66595
3.77873,266.221,3.64731
3.78508,267.508,3.65611
3.79144,269.715,3.67116
3.79779,264.866,3.63801
3.80415,266.516,3.64933
3.8105,265.324,3.64115
3.81686,265.074,3.63944
3.82321,268.007,3.65952
3.82957,263.809,3.63074
3.83592,268.691,3.66418
3.84228,271.689,3.68457
3.84863,262.265,3.6201
3.85499,258.501,3.59403
3.86134,264.101,3.63275
3.8677,259.142,3.59849
3.87405,257.814,3.58925
3.88041,255.774,3.57502
3.88676,258.824,3.59627
3.89312,257.226,3.58516
3.89947,259.35,3.59993
3.90583,263.363,3.62767
3.91218,256.978,3.58343
3.91854,252.019,3.54869
3.92489,255.62,3.57395
3.93124,256.559,3.5805
3.9376,249.905,3.53377
3.94395,252.726,3.55366
3.95031,249.739,3.53259
3.95666,248.092,3.52093
3.96302,247.575,3.51726
3.96937,246.778,3.51159
3.97573,240.051,3.4634
3.98208,246.586,3.51022
3.98844,241.972,3.47723
3.99479,238.584,3.4528
4.00115,235.195,3.42819
4.0075,242.34,3.47987
4.01386,231.808,3.40341
4.02021,228.838,3.38154
4.02657,232.486,3.40839
4.03292,234.529,3.42333
4.03928,232.924,3.4116
4.04563,235.169,3.428
4.05199,232.117,3.40568
4.05834,240.486,3.46653
4.0647,240.533,3.46688
4.07105,238.144,3.44961
4.07741,240.979,3.47008
4.08376,239.822,3.46174
4.09012,240.477,3.46647
4.09647,236.306,3.43628
4.10283,237.584,3.44556
4.10918,236.654,3.43881
4.11554,239.818,3.46172
4.12189,239.871,3.4621
4.12825,235.47,3.4302
4.1346,235.827,3.43279
4.14096,233.228,3.41382
4.14731,236,3.43405
4.15367,233.16,3.41333
4.16002,231.236,3.39921
4.16638,225.742,3.35859
4.17273,226.337,3.36301
4.17909,227.86,3.37431
4.18544,230.388,3.39297
4.1918,229.774,3.38845
4.19815,228.087,3.37599
4.20451,223.375,3.34093
4.21086,225.856,3.35943
4.21722,228.857,3.38168
4.22357,231.561,3.4016
4.22993,224.959,3.35276
4.23628,223.975,3.34542
4.24264,229.952,3.38976
4.24899,227.934,3.37486
4.25535,223.24,3.33992
4.2617,220.813,3.32172
4.26806,222.04,3.33093
4.27441,217.014,3.29302
4.28077,217.661,3.29793
4.28712,221.315,3.3255
4.29348,218.363,3.30324
4.29983,217.409,3.29601
4.30619,221.562,3.32735
4.31254,219.842,3.31441
4.3189,212.803,3.26092
4.32525,214.251,3.27199
4.33161,208.993,3.23159
4.33796,215.802,3.28381
4.34432,205.055,3.201
4.35067,218.047,3.30085
4.35703,214.63,3.27489
4.36338,209.089,3.23233
4.36974,210.432,3.2427
4.37609,211.045,3.24742
4.38245,208.65,3.22894
4.3888,213.574,3.26682
4.39515,211.53,3.25114
4.40151,214.28,3.27222
4.40786,209.369,3.2345
4.41422,210.724,3.24494
4.42057,208.844,3.23044
4.42693,208.922,3.23104
4.43328,205.161,3.20183
4.43964,203.804,3.19122
4.44599,203.202,3.18651
4.45235,205.491,3.2044
4.4587,205.4,3.20369
4.46506,202.213,3.17874
4.47141,201.902,3.1763
4.47777,202.626,3.18199
4.48412,203.346,3.18764
4.49048,204.099,3.19353
4.49683,200.776,3.16743
4.50319,198.953,3.15301
4.50954,196.731,3.13536
4.5159,200.49,3.16517
4.52225,197.993,3.1454
4.52861,195.11,3.12242
4.53496,191.73,3.09525
4.54132,196.551,3.13392
4.54767,194.311,3.11601
4.55403,195.15,3.12273
4.56038,194.998,3.12152
4.56674,190.003,3.08128
4.57309,191.005,3.08939
4.57945,184.869,3.03937
4.5858,193.645,3.11067
4.59216,189.794,3.07958
4.59851,189.051,3.07355
4.60487,189.738,3.07913
4.61122,188.91,3.07241
4.61758,188.793,3.07145
4.62393,184.687,3.03787
4.63029,189.06,3.07362
4.63664,187.122,3.05783
4.643,181.273,3.00966
4.64935,181.069,3.00796
4.65571,171.238,2.92517
4.66206,167.046,2.88914
4.66842,162.99,2.85385
4.67477,166.703,2.88618
4.68113,171.568,2.92799
4.68748,172.35,2.93465
4.69384,181.768,3.01376
4.70019,171.952,2.93126
4.70655,181.757,3.01368
4.7129,178.854,2.98951
4.71926,179.24,2.99273
4.72561,180.812,3.00583
4.73197,177.885,2.9814
4.73832,171.776,2.92976
4.74468,176.244,2.96762
4.75103,171.185,2.92472
4.75739,174.434,2.95234
4.76374,171.893,2.93075
4.7701,172.151,2.93296
4.77645,169.427,2.90966
4.78281,170.172,2.91605
4.78916,168.465,2.90139
4.79552,168.083,2.8981
4.80187,168.204,2.89913
4.80823,169.718,2.91216
4.81458,167.71,2.89488
4.82094,171.324,2.9259
4.82729,168.007,2.89744
4.83365,165.404,2.87491
4.84,168.551,2.90212
4.84635,163.258,2.8562
4.85271,164.295,2.86526
4.85906,161.921,2.84448
4.86542,162.287,2.84769
4.87177,160.598,2.83283
4.87813,161.358,2.83953
4.88448,156.433,2.79586
4.89084,164.352,2.86575
4.89719,157.397,2.80446
4.90355,159.369,2.82197
4.9099,156.717,2.7984
4.91626,154.619,2.7796
4.92261,153.963,2.7737
4.92897,152.987,2.76489
4.93532,154.21,2.77592
4.94168,154.245,2.77624
4.94803,152.892,2.76403
4.95439,151.948,2.75548
4.96074,153.105,2.76596
4.9671,151.431,2.7508
4.97345,150.984,2.74673
4.97981,149.853,2.73643
4.98616,147.641,2.71616
4.99252,150.384,2.74127
4.99887,150.503,2.74235
5.00523,144.164,2.68398
5.01158,149.256,2.73096
5.01794,145.754,2.69874
5.02429,140.722,2.65175
5.03065,144.341,2.68562
5.037,142.081,2.66452
5.04336,144.29,2.68515
5.04971,140.217,2.64698
5.05607,139.806,2.64311
5.06242,141.187,2.65612
5.06878,141.107,2.65537
5.07513,140.034,2.64525
5.08149,139.236,2.63771
5.08784,139.401,2.63927
5.0942,142.175,2.6654
5.10055,136.401,2.61071
5.10691,131.709,2.56542
5.11326,137.163,2.618
5.11962,137.907,2.62509
5.12597,135.213,2.59932
5.13233,136.538,2.61203
5.13868,133.959,2.58724
5.14504,134.998,2.59726
5.15139,134.973,2.59701
5.15775,129.724,2.54601
5.1641,127.028,2.51942
5.17046,133.49,2.58271
5.17681,132.861,2.57662
5.18317,132.522,2.57332
5.18952,130.246,2.55113
5.19588,129.695,2.54573
5.20223,129.656,2.54535
5.20859,126.939,2.51854
5.21494,128.841,2.53733
5.2213,124.623,2.49546
5.22765,127.365,2.52276
5.23401,127.413,2.52323
5.24036,124.047,2.48968
5.24672,125.893,2.50814
5.25307,123.571,2.4849
5.25943,123.776,2.48696
5.26578,123.768,2.48688
5.27214,122.005,2.4691
5.27849,121.177,2.46071
5.28485,119.288,2.44146
5.2912,123.091,2.48007
5.29756,121.542,2.46442
5.30391,121.012,2.45903
5.31026,117.834,2.42653
5.31662,113.03,2.37656
5.32297,116.786,2.41572
5.32933,116.897,2.41687
5.33568,115.737,2.40484
5.34204,116.668,2.41449
5.34839,116.842,2.4163
5.35475,115.868,2.4062
5.3611,115.941,2.40696
5.36746,116.893,2.41683
5.37381,112.465,2.3706
5.38017,117.849,2.42669
5.38652,120.923,2.45813
5.39288,117.07,2.41866
5.39923,112.75,2.3736
5.40559,112.047,2.36619
5.41194,113.477,2.38125
5.4183,108.893,2.33266
5.42465,106.732,2.3094
5.43101,106.96,2.31186
5.43736,106.426,2.30608
5.44372,108.026,2.32335
5.45007,109.8,2.34235
5.45643,106.37,2.30548
5.46278,106.454,2.30639
5.46914,103.91,2.27866
5.47549,106.22,2.30384
5.48185,105.866,2.3
5.4882,106.44,2.30624
5.49456,105.015,2.29075
5.50091,101.358,2.25051
5.50727,99.9581,2.23491
5.51362,102.238,2.26025
5.51998,102.052,2.2582
5.52633,105.775,2.29902
5.53269,103.032,2.26901
5.53904,101.955,2.25713
5.5454,100.806,2.24437
5.55175,99.303,2.22757
5.55811,99.8022,2.23317
5.56446,95.2599,2.18175
5.57082,100.937,2.24582
5.57717,100.038,2.2358
5.58353,97.8573,2.2113
5.58988,94.4929,2.17295
5.59624,96.4565,2.19541
5.60259,96.1381,2.19179
5.60895,96.9414,2.20093
5.6153,93.3645,2.15994
5.62166,94.1744,2.16929
5.62801,93.9813,2.16706
5.63437,95.3245,2.18249
5.64072,93.2687,2.15883
5.64708,93.0775,2.15662
5.65343,93.2934,2.15912
5.65979,92.8453,2.15393
5.66614,93.411,2.16048
5.6725,92.3191,2.14781
5.67885,93.5458,2.16204
5.68521,90.7266,2.12921
5.69156,92.3468,2.14814
5.69792,92.0306,2.14445
5.70427,89.8744,2.11918
5.71063,90.8769,2.13097
5.71698,88.7537,2.10593
5.72334,85.8098,2.07071
5.72969,87.0341,2.08543
5.73605,86.4766,2.07874
5.7424,86.7076,2.08151
5.74876,91.4742,2.13796
5.75511,85.1717,2.063
5.76147,81.4102,2.01693
5.76782,83.354,2.04086
5.77417,86.9633,2.08458
5.78053,81.9094,2.0231
5.78688,83.0309,2.0369
5.79324,82.8106,2.0342
5.79959,85.4721,2.06663
5.80595,80.4266,2.00471
5.8123,84.6447,2.0566
5.81866,83.3812,2.0412
5.82501,86.0662,2.0738
5.83137,83.6998,2.04509
5.83772,79.5975,1.99435
5.84408,80.0806,2.00039
5.85043,85.1553,2.0628
5.85679,78.5754,1.9815
5.86314,81.627,2.01961
5.8695,79.577,1.99409
5.87585,80.5515,2.00626
5.88221,79.8309,1.99727
5.88856,79.2067,1.98944
5.89492,75.7891,1.94605
5.90127,80.5978,2.00684
5.90763,74.8035,1.93336
5.91398,77.7857,1.97152
5.92034,78.7955,1.98427
5.92669,78.0883,1.97535
5.93305,75.4211,1.94132
5.9394,72.5883,1.90451
5.94576,72.5827,1.90444
5.95211,74.1422,1.92479
5.95847,73.8574,1.92109
5.96482,76.4942,1.95508
5.97118,73.2075,1.91262
5.97753,73.7132,1.91921
5.98389,73.2293,1.9129
5.99024,73.5691,1.91734
5.9966,70.358,1.87503
6.00295,74.3712,1.92776
6.00931,69.8353,1.86805
6.01566,68.1102,1.84483
6.02202,71.9171,1.89569
6.02837,71.3435,1.88811
6.03473,68.4891,1.84996
6.04108,72.1114,1.89825
6.04744,69.8031,1.86762
6.05379,70.8642,1.88176
6.06015,67.5965,1.83786
6.0665,70.0531,1.87096
6.07286,72.4235,1.90235
6.07921,71.2181,1.88645
6.08557,69.775,1.86724
6.09192,67.9871,1.84316
6.09828,66.3845,1.82131
6.10463,64.7294,1.79846
6.11099,65.1637,1.80449
6.11734,68.5604,1.85092
6.1237,66.5996,1.82426
6.13005,65.2327,1.80544
6.13641,69.5858,1.86471
6.14276,63.187,1.77691
6.14912,65.2401,1.80554
6.15547,64.32,1.79277
6.16183,67.4475,1.83584
6.16818,61.0243,1.74623
6.17454,64.7398,1.79861
6.18089,63.0388,1.77482
6.18725,66.5489,1.82356
6.1936,64.0665,1.78923
6.19996,62.1179,1.76181
6.20631,61.5101,1.75317
6.21267,61.3968,1.75155
6.21902,63.54,1.78186
6.22537,61.4137,1.7518
6.23173,63.2625,1.77797
6.23808,62.7116,1.77021
6.24444,61.6876,1.7557
6.25079,60.3757,1.73693
6.25715,61.1425,1.74792
6.2635,58.8652,1.71506
6.26986,61.1269,1.7477
6.27621,62.077,1.76123
6.28257,60.0009,1.73153
6.28892,58.4535,1.70905
6.29528,60.0531,1.73228
6.30163,58.7896,1.71396
6.30799,56.9025,1.68623
6.31434,58.4216,1.70859
6.3207,58.0656,1.70338
6.32705,55.9653,1.67228
6.33341,59.8225,1.72895
6.33976,57.4933,1.69496
6.34612,54.9541,1.65711
6.35247,55.6667,1.66782
6.35883,55.5372,1.66588
6.36518,57.0909,1.68902
6.37154,57.7723,1.69907
6.37789,55.4668,1.66482
6.38425,53.8639,1.64059
6.3906,54.8052,1.65486
6.39696,54.3935,1.64863
6.40331,53.9013,1.64116
6.40967,54.8897,1.65614
6.41602,56.8226,1.68504
6.42238,55.8863,1.6711
6.42873,53.3318,1.63247
6.43509,53.4987,1.63502
6.44144,53.6919,1.63797
6.4478,52.1036,1.61356
6.45415,52.1378,1.61409
6.46051,53.5858,1.63635
6.46686,52.4905,1.61954
6.47322,52.1969,1.615
6.47957,52.1457,1.61421
6.48593,51.1636,1.59894
6.49228,54.0525,1.64346
6.49864,48.8918,1.56304
6.50499,49.0468,1.56551
6.51135,51.7955,1.60878
6.5177,50.5433,1.58921
6.52406,51.2399,1.60013
6.53041,49.1895,1.56779
6.53677,50.2313,1.5843
6.54312,49.3625,1.57054
6.54948,49.2341,1.5685
6.55583,49.2715,1.56909
6.56219,50.5293,1.58899
6.56854,48.4348,1.55571
6.5749,48.7102,1.56013
6.58125,46.5365,1.52492
6.58761,46.1456,1.5185
6.59396,46.3802,1.52236
6.60032,47.2523,1.53661
6.60667,48.4157,1.55541
6.61303,47.481,1.54032
6.61938,48.332,1.55406
6.62574,46.6387,1.52659
6.63209,47.4478,1.53978
6.63845,47.2126,1.53596
6.6448,45.8065,1.51291
6.65116,46.9718,1.53204
6.65751,44.7861,1.49597
6.66387,45.4822,1.50755
6.67022,47.9878,1.54852
6.67658,45.7884,1.51261
6.68293,46.4145,1.52292
6.68928,45.1087,1.50135
6.69564,45.3796,1.50585
6.70199,45.9683,1.51558
6.70835,44.684,1.49426
6.7147,43.9102,1.48127
6.72106,42.2663,1.45328
6.72741,43.3802,1.4723
6.73377,44.7842,1.49594
6.74012,46.729,1.52807
6.74648,43.1286,1.46802
6.75283,44.283,1.48754
6.75919,42.4626,1.45665
6.76554,44.7703,1.4957
6.7719,41.1581,1.4341
6.77825,43.1846,1.46898
6.78461,42.4245,1.45599
6.79096,40.6366,1.42498
6.79732,43.4916,1.47419
6.80367,39.8321,1.41081
6.81003,41.41,1.43848
6.81638,39.8992,1.41199
6.82274,38.0061,1.37809
6.82909,40.7006,1.4261
6.83545,39.4195,1.40348
6.8418,38.9083,1.39435
6.84816,38.1892,1.38141
6.85451,40.1242,1.41597
6.86087,38.5757,1.38838
6.86722,41.7105,1.44369
6.87358,37.6711,1.372
6.87993,36.0865,1.34284
6.88629,41.6966,1.44345
6.89264,39.7367,1.40912
6.899,37.2334,1.36401
6.90535,38.7025,1.39066
6.91171,38.452,1.38615
6.91806,38.7653,1.39179
6.92442,39.2798,1.40099
6.93077,37.1828,1.36308
6.93713,38.4118,1.38543
6.94348,40.3218,1.41945
6.94984,38.7249,1.39106
6.95619,35.2173,1.32657
6.96255,37.16,1.36266
6.9689,37.1961,1.36332
6.97526,34.358,1.31028
6.98161,38.5415,1.38776
6.98797,35.9631,1.34054
6.99432,35.5586,1.33298
7.00068,35.9761,1.34078
7.00703,35.6026,1.3338
7.01339,35.6062,1.33387
7.01974,33.3327,1.29058
7.0261,35.1396,1.3251
7.03245,37.2067,1.36352
7.03881,38.4872,1.38678
7.04516,37.0846,1.36128
7.05152,36.564,1.35169
7.05787,34.8753,1.32011
7.06423,34.2826,1.30884
7.07058,35.6277,1.33427
7.07694,31.5219,1.25504
7.08329,34.4255,1.31157
7.08965,33.0788,1.28566
7.096,33.2418,1.28882
7.10236,34.07,1.30478
7.10871,32.7495,1.27924
7.11507,32.3622,1.27166
7.12142,32.4942,1.27425
7.12778,32.1828,1.26813
7.13413,32.3044,1.27052
7.14048,31.2592,1.2498
7.14684,31.2894,1.2504
7.15319,31.8653,1.26186
7.15955,32.8582,1.28136
7.1659,33.1473,1.28699
7.17226,30.2034,1.22851
7.17861,30.7902,1.24039
7.18497,30.2583,1.22963
7.19132,31.0103,1.24481
7.19768,31.8122,1.2608
7.20403,32.588,1.27609
7.21039,30.7519,1.23962
7.21674,31.2564,1.24974
7.2231,33.1302,1.28666
7.22945,27.947,1.18173
7.23581,31.4132,1.25287
7.24216,29.5981,1.21614
7.24852,31.7676,1.25992
7.25487,29.3414,1.21085
7.26123,27.4383,1.17093
7.26758,30.8553,1.2417
7.27394,30.3789,1.23207
7.28029,29.6361,1.21692
7.28665,29.7535,1.21933
7.293,30.6214,1.23698
7.29936,30.1697,1.22782
7.30571,28.7957,1.19954
7.31207,29.0461,1.20474
7.31842,28.7297,1.19816
7.32478,28.8369,1.2004
7.33113,28.6879,1.19729
7.33749,28.2156,1.1874
7.34384,29.4835,1.21378
7.3502,29.4364,1.21281
7.35655,28.4572,1.19247
7.36291,27.9798,1.18242
7.36926,28.5975,1.1954
7.37562,27.8298,1.17925
7.38197,27.7952,1.17852
7.38833,29.1076,1.20602
7.39468,26.9025,1.15944
7.40104,26.8459,1.15822
7.40739,28.2421,1.18795
7.41375,29.2324,1.2086
7.4201,26.2571,1.14544
7.42646,27.147,1.16469
7.43281,28.0372,1.18364
7.43917,26.4183,1.14896
7.44552,28.981,1.20339
7.45188,24.0098,1.09533
7.45823,25.4433,1.12756
7.46459,27.0831,1.16332
7.47094,26.4306,1.14922
7.4773,25.2424,1.12309
7.48365,25.2238,1.12268
7.49001,26.7977,1.15718
7.49636,25.0489,1.11878
7.50272,25.7595,1.13454
7.50907,25.1263,1.12051
7.51543,26.7152,1.15539
7.52178,24.7697,1.11253
7.52814,25.9942,1.1397
7.53449,25.7297,1.13388
7.54085,25.7337,1.13397
7.5472,25.1435,1.12089
7.55356,25.023,1.1182
7.55991,24.3674,1.10346
7.56627,24.4834,1.10608
7.57262,23.9962,1.09502
7.57898,24.9621,1.11684
7.58533,25.0158,1.11804
7.59169,24.3315,1.10264
7.59804,25.3567,1.12563
7.60439,24.2363,1.10048
7.61075,23.8981,1.09278
7.6171,24.2916,1.10174
7.62346,25.131,1.12061
7.62981,23.7531,1.08946
7.63617,21.6885,1.04104
7.64252,22.6102,1.06292
7.64888,22.8885,1.06945
7.65523,23.4132,1.08164
7.66159,22.8132,1.06769
7.66794,22.6546,1.06397
7.6743,24.4476,1.10527
7.68065,22.5038,1.06042
7.68701,24.9216,1.11594
7.69336,23.3705,1.08065
7.69972,21.5455,1.0376
7.70607,20.5487,1.01331
7.71243,22.1137,1.05119
7.71878,23.2975,1.07896
7.72514,23.9501,1.09397
7.73149,23.8295,1.09121
7.73785,21.2115,1.02952
7.7442,21.6694,1.04058
7.75056,20.2541,1.00602
7.75691,23.4285,1.08199
7.76327,23.3988,1.0813
7.76962,22.8951,1.0696
7.77598,21.848,1.04486
7.78233,20.6822,1.0166
7.78869,20.0343,1.00055
7.79504,20.4857,1.01176
7.8014,20.412,1.00994
7.80775,21.5658,1.03809
7.81411,20.4903,1.01187
7.82046,19.9936,0.999532
7.82682,19.8017,0.994723
7.83317,20.9644,1.02351
7.83953,21.1585,1.02824
7.84588,23.0266,1.07267
7.85224,19.9645,0.998804
7.85859,20.1862,1.00433
7.86495,20.226,1.00532
7.8713,18.1213,0.95158
7.87766,19.4442,0.985703
7.88401,20.8754,1.02134
7.89037,22.5705,1.06199
7.89672,21.277,1.03111
7.90308,20.6727,1.01636
7.90943,20.4835,1.0117
7.91579,18.1352,0.951946
7.92214,19.32,0.98255
7.9285,18.4442,0.960021
7.93485,17.5858,0.937414
7.94121,19.9126,0.997504
7.94756,18.7206,0.967187
7.95392,19.1564,0.978381
7.96027,20.1053,1.00232
7.96663,20.1517,1.00348
7.97298,19.1401,0.977964
7.97934,20.6016,1.01462
7.98569,19.6215,0.990186
7.99205,20.0747,1.00156
7.9984,17.8561,0.944592
8.00476,17.7292,0.941229
8.01111,17.2837,0.929329
8.01747,18.5567,0.962944
8.02382,18.8752,0.971174
8.03018,18.3979,0.958816
8.03653,20.0836,1.00178
8.04289,19.2683,0.981233
8.04924,17.8251,0.94377
8.05559,17.587,0.937448
8.06195,18.9713,0.973641
8.0683,17.9946,0.948249
8.07466,16.9077,0.919163
8.08101,17.2072,0.927269
8.08737,17.9252,0.946418
8.09372,16.8672,0.918064
8.10008,16.3294,0.903309
8.10643,17.2945,0.929619
8.11279,17.262,0.928744
8.11914,16.2811,0.901971
8.1255,18.4412,0.959944
8.13185,16.8695,0.918125
8.13821,16.1131,0.897305
8.14456,17.3688,0.931614
8.15092,17.3784,0.931872
8.15727,16.4174,0.905738
8.16363,17.065,0.92343
8.16998,16.3206,0.903064
8.17634,16.5951,0.910627
8.18269,15.7352,0.886722
8.18905,17.3937,0.93228
8.1954,15.5322,0.880983
8.20176,16.6863,0.913127
8.20811,16.4556,0.906791
8.21447,15.4903,0.879793
8.22082,15.2879,0.874028
8.22718,15.8176,0.88904
8.23353,16.7353,0.914465
8.23989,17.3314,0.93061
8.24624,16.5082,0.908241
8.2526,15.6665,0.884784
8.25895,16.4846,0.907592
8.26531,14.8738,0.862107
8.27166,15.6751,0.885026
8.27802,14.7462,0.858401
8.28437,16.7959,0.91612
8.29073,15.4292,0.878058
8.29708,15.2914,0.874127
8.30344,16.2647,0.901517
8.30979,15.697,0.885644
8.31615,16.382,0.904762
8.3225,16.1443,0.898173
8.32886,16.0946,0.896789
8.33521,16.0294,0.894971
8.34157,15.1827,0.871013
8.34792,14.4925,0.850986
8.35428,15.9703,0.893319
8.36063,14.8103,0.860265
8.36699,14.6785,0.856431
8.37334,14.8719,0.862054
8.3797,14.4631,0.850123
8.38605,14.3857,0.847844
8.39241,14.0882,0.839031
8.39876,15.7423,0.886921
8.40512,14.9667,0.864797
8.41147,14.5154,0.851659
8.41783,14.1198,0.839973
8.42418,13.8692,0.832486
8.43054,14.7804,0.859398
8.43689,13.2655,0.814164
8.44325,13.4273,0.819116
8.4496,14.0334,0.837397
8.45596,14.3779,0.847614
8.46231,14.0575,0.838117
8.46867,13.653,0.825971
8.47502,13.665,0.826333
8.48138,14.216,0.842828
8.48773,12.4339,0.788233
8.49409,15.2349,0.872511
8.50044,14.0943,0.839214
8.5068,13.2214,0.81281
8.51315,12.4004,0.787169
8.5195,12.7815,0.799175
8.52586,14.3391,0.846469
8.53221,12.9721,0.805112
8.53857,13.6894,0.827072
8.54492,12.434,0.788237
8.55128,13.8479,0.831844
8.55763,13.7554,0.829064
8.56399,12.9401,0.804117
8.57034,12.7903,0.799451
8.5767,12.9281,0.803745
8.58305,13.1337,0.810112
8.58941,12.4943,0.790144
8.59576,12.8218,0.800433
8.60212,12.5091,0.790612
8.60847,13.0395,0.8072
8.61483,12.5321,0.791339
8.62118,13.2821,0.814674
8.62754,11.2831,0.750869
8.63389,12.9006,0.80289
8.64025,11.6455,0.762834
8.6466,12.71,0.796936
8.65296,10.7651,0.733433
8.65931,11.0274,0.742315
8.66567,13.319,0.815805
8.67202,13.4761,0.820603
8.67838,12.5156,0.790819
8.68473,12.6204,0.794123
8.69109,11.6329,0.762422
8.69744,12.3785,0.786473
8.7038,12.0607,0.776315
8.71015,12.8198,0.800372
8.71651,10.5882,0.727379
8.72286,12.2185,0.781375
8.72922,12.8825,0.802326
8.73557,11.9175,0.771691
8.74193,11.8062,0.768078
8.74828,11.9144,0.771591
8.75464,11.9016,0.771177
8.76099,12.5808,0.792874
8.76735,11.6155,0.761851
8.7737,11.7759,0.767092
8.78006,11.7156,0.765126
8.78641,12.3893,0.786816
8.79277,10.968,0.740311
8.79912,10.5176,0.724952
8.80548,11.4134,0.755195
8.81183,11.1005,0.744771
8.81819,11.3158,0.751959
8.82454,11.5876,0.760934
8.8309,11.2471,0.74967
8.83725,10.3753,0.720032
8.84361,10.5652,0.72659
8.84996,11.3489,0.753057
8.85632,10.4054,0.721075
8.86267,11.7001,0.764619
8.86903,10.1293,0.711445
8.87538,9.63423,0.69384
8.88174,10.9302,0.739033
8.88809,12.3101,0.7843
8.89445,10.3846,0.720353
8.9008,10.7965,0.7345
8.90716,10.793,0.734383
8.91351,13.1805,0.811551
8.91987,10.511,0.724724
8.92622,9.84179,0.701274
8.93258,10.1608,0.71255
8.93893,10.709,0.731518
8.94529,9.07164,0.673277
8.95164,10.5077,0.724611
8.958,10.8406,0.736
8.96435,9.56938,0.691501
8.9707,10.3877,0.72046
8.97706,10.0733,0.709475
8.98341,8.94041,0.668389
8.98977,9.96735,0.705733
8.99612,9.34083,0.683193
9.00248,9.12636,0.675304
9.00883,9.80485,0.699957
9.01519,10.7702,0.733607
9.02154,10.3641,0.719641
9.0279,10.7433,0.732688
9.03425,9.70978,0.696555
9.04061,10.0893,0.710038
9.04696,10.9478,0.739628
9.05332,9.81249,0.70023
9.05967,9.38396,0.684769
9.06603,10.3285,0.718404
9.07238,10.2504,0.715685
9.07874,8.89822,0.66681
9.08509,8.69728,0.659238
9.09145,10.0582,0.708944
9.0978,9.3074,0.68197
9.10416,9.33871,0.683116
9.11051,8.78241,0.662457
9.11687,10.6196,0.728459
9.12322,9.46753,0.687811
9.12958,9.60875,0.692922
9.13593,9.48803,0.688555
9.14229,9.42308,0.686195
9.14864,9.41304,0.685829
9.155,9.21712,0.678654
9.16135,9.46537,0.687732
9.16771,8.62768,0.656595
9.17406,9.10918,0.674668
9.18042,8.1406,0.637792
9.18677,10.2831,0.716826
9.19313,9.72872,0.697234
9.19948,8.71377,0.659863
9.20584,9.40647,0.685589
9.21219,8.64941,0.657422
9.21855,9.00926,0.670958
9.2249,8.7749,0.662174
9.23126,10.096,0.710274
9.23761,9.15486,0.676358
9.24397,8.98217,0.669948
9.25032,9.15209,0.676256
9.25668,9.67222,0.695207
9.26303,8.75062,0.661257
9.26939,8.78146,0.662421
9.27574,8.0644,0.6348
9.2821,8.06398,0.634783
9.28845,7.56992,0.61503
9.29481,8.32441,0.644952
9.30116,8.0324,0.633539
9.30752,9.01935,0.671334
9.31387,9.88473,0.702802
9.32023,8.85562,0.665212
9.32658,9.09246,0.674049
9.33294,8.25805,0.642376
9.33929,8.22268,0.640999
9.34565,8.65613,0.657677
9.352,8.26624,0.642695
9.35836,7.61427,0.616829
9.36471,6.9293,0.588431
9.37107,7.6811,0.61953
9.37742,7.59977,0.616242
9.38378,7.96558,0.630899
9.39013,8.9781,0.669797
9.39649,7.66111,0.618724
9.40284,8.15611,0.638399
9.4092,7.27389,0.602885
9.41555,7.11543,0.596281
9.42191,7.20628,0.600076
9.42826,7.3394,0.605593
9.43461,7.38359,0.607414
9.44097,8.28057,0.643252
9.44732,6.92941,0.588436
9.45368,7.51946,0.612977
9.46003,6.67251,0.577425
9.46639,7.32658,0.605064
9.47274,8.38899,0.647449
9.4791,7.37411,0.607024
9.48545,7.39723,0.607975
9.49181,8.87809,0.666056
9.49816,8.08256,0.635514
9.50452,7.75236,0.622397
9.51087,8.38003,0.647103
9.51723,7.13178,0.596966
9.52358,7.82684,0.62538
9.52994,8.18056,0.639355
9.53629,7.15214,0.597818
9.54265,7.10583,0.595879
9.549,7.77059,0.623129
9.55536,7.30058,0.60399
9.56171,8.05733,0.634522
9.56807,7.86217,0.62679
9.57442,8.31103,0.644434
9.58078,7.36656,0.606713
9.58713,7.59336,0.615982
9.59349,7.10131,0.59569
9.59984,7.17151,0.598627
9.6062,7.04723,0.593417
9.61255,6.97389,0.590321
9.61891,7.50797,0.612508
9.62526,6.72879,0.579855
9.63162,5.9996,0.547535
9.63797,7.40578,0.608326
9.64433,8.16029,0.638563
9.65068,6.61113,0.574763
9.65704,6.35378,0.563465
9.66339,6.01991,0.548461
9.66975,6.91302,0.587739
9.6761,5.89142,0.542576
9.68246,6.34669,0.56315
9.68881,5.9948,0.547316
9.69517,6.61824,0.575072
9.70152,6.71629,0.579316
9.70788,7.59802,0.616171
9.71423,6.37104,0.56423
9.72059,6.61693,0.575015
9.72694,6.85259,0.585165
9.7333,7.66,0.618679
9.73965,6.67915,0.577712
9.74601,7.61407,0.616821
9.75236,6.85437,0.585241
9.75872,7.11047,0.596074
9.76507,6.35984,0.563733
9.77143,6.33551,0.562654
9.77778,6.7567,0.581056
9.78414,5.53632,0.52597
9.79049,5.35739,0.517401
9.79685,6.49704,0.569782
9.8032,6.14203,0.553996
9.80956,7.24727,0.60178
9.81591,6.30623,0.561353
9.82227,6.23504,0.558175
9.82862,6.97952,0.590559
9.83498,6.28297,0.560316
9.84133,5.94825,0.545187
9.84769,6.51152,0.570416
9.85404,5.44516,0.521622
9.8604,6.56086,0.572573
9.86675,6.32802,0.562321
9.87311,6.21505,0.55728
9.87946,4.79719,0.489603
9.88581,5.91757,0.543779
9.89217,6.11356,0.552711
9.89852,6.15818,0.554724
9.90488,6.48252,0.569145
9.91123,5.83506,0.539975
9.91759,5.58532,0.528293
9.92394,5.12735,0.506171
9.9303,5.80359,0.538517
9.93665,5.93511,0.544584
9.94301,5.45572,0.522128
9.94936,5.86462,0.541341
9.95572,5.39952,0.519431
9.96207,5.36587,0.51781
9.96843,6.83961,0.58461
9.97478,4.95178,0.49743
9.98114,5.49094,0.52381
9.98749,5.30096,0.514669
9.99385,5.92132,0.543951
10.0002,5.24949,0.512164
10.0066,4.61387,0.480157
10.0129,5.56903,0.527522
10.0193,5.70167,0.533767
10.0256,5.52109,0.525246
10.032,4.73653,0.486498
10.0383,5.62495,0.530164
10.0447,5.87325,0.541739
10.051,5.29651,0.514453
10.0574,5.77563,0.537218
10.0638,5.18044,0.508785
10.0701,5.8106,0.538842
10.0765,5.62615,0.53022
10.0828,4.80809,0.490159
10.0892,5.63673,0.530719
10.0955,5.52606,0.525483
10.1019,5.75167,0.536102
10.1082,4.90426,0.495037
10.1146,5.26471,0.512906
10.1209,5.57674,0.527887
10.1273,5.4193,0.520382
10.1337,6.12591,0.553269
10.14,5.62259,0.530052
10.1464,4.85317,0.492451
10.1527,5.06324,0.502996
10.1591,5.09943,0.504791
10.1654,4.76268,0.487839
10.1718,4.92806,0.496237
10.1781,4.83231,0.491392
10.1845,5.23616,0.511514
10.1909,5.72286,0.534758
10.1972,5.61493,0.529692
10.2036,5.01238,0.500464
10.2099,6.16454,0.555011
10.2163,5.31566,0.515382
10.2226,4.73496,0.486417
10.229,5.42449,0.520631
10.2353,5.12099,0.505857
10.2417,6.13771,0.553801
10.248,4.26215,0.461493
10.2544,5.70907,0.534114
10.2608,4.803,0.489899
10.2671,5.14186,0.506887
10.2735,4.93626,0.496649
10.2798,5.05105,0.502391
10.2862,4.87674,0.493646
10.2925,5.09818,0.504729
10.2989,5.01443,0.500566
10.3052,4.42664,0.470314
10.3116,4.48241,0.473267
10.318,4.80805,0.490157
10.3243,3.98422,0.446193
10.3307,4.24569,0.460601
10.337,4.34633,0.466028
10.3434,4.25663,0.461194
10.3497,5.05693,0.502683
10.3561,4.50741,0.474585
10.3624,4.57974,0.478378
10.3688,4.6678,0.482955
10.3751,4.92096,0.495879
10.3815,4.55864,0.477274
10.3879,4.29807,0.463433
10.3942,4.28525,0.462742
10.4006,4.7264,0.485978
10.4069,4.57014,0.477877
10.4133,5.28883,0.51408
10.4196,3.80114,0.43582
10.426,3.54974,0.421162
10.4323,4.44789,0.471441
10.4387,4.91407,0.495531
10.445,4.10697,0.453014
10.4514,4.69117,0.484163
10.4578,4.64227,0.481633
10.4641,4.79621,0.489553
10.4705,3.80149,0.43584
10.4768,4.3873,0.468219
10.4832,3.75765,0.43332
10.4895,3.64827,0.426967
10.4959,4.22759,0.459618
10.5022,3.98136,0.446033
10.5086,4.286,0.462782
10.515,4.55142,0.476897
10.5213,4.41701,0.469802
10.5277,4.54127,0.476364
10.534,4.34281,0.465839
10.5404,4.3541,0.466444
10.5467,3.95517,0.444563
10.5531,4.49693,0.474034
10.5594,5.57686,0.527893
10.5658,4.70149,0.484695
10.5721,4.64331,0.481687
10.5785,4.05577,0.450181
10.5849,3.49546,0.41793
10.5912,4.07707,0.451362
10.5976,4.34248,0.465822
10.6039,3.94746,0.44413
10.6103,4.26263,0.461519
10.6166,4.72094,0.485697
10.623,3.71015,0.430573
10.6293,3.87232,0.439882
10.6357,4.26469,0.46163
10.6421,4.5114,0.474795
10.6484,3.88159,0.440409
10.6548,4.30669,0.463898
10.6611,3.45493,0.415499
10.6675,3.80611,0.436106
10.6738,4.48761,0.473542
10.6802,3.94377,0.443922
10.6865,4.11982,0.453722
10.6929,4.34654,0.466039
10.6992,3.94499,0.443991
10.7056,4.35983,0.466751
10.712,3.70855,0.43048
10.7183,3.38878,0.411502
10.7247,4.35081,0.466268
10.731,4.07387,0.451185
10.7374,3.1559,0.397111
10.7437,3.48877,0.417529
10.7501,3.4039,0.41242
10.7564,3.35613,0.409515
10.7628,3.75901,0.433399
10.7692,3.01318,0.388028
10.7755,3.60452,0.424399
10.7819,4.23316,0.459921
10.7882,3.63652,0.426279
10.7946,3.64443,0.426742
10.8009,3.38838,0.411478
10.8073,3.54529,0.420898
10.8136,3.18465,0.398916
10.82,3.61496,0.425013
10.8263,3.46743,0.416251
10.8327,2.93856,0.383193
10.8391,2.96909,0.385179
10.8454,3.78715,0.435018
10.8518,3.29158,0.405558
10.8581,3.56848,0.422272
10.8645,3.39723,0.412015
10.8708,3.08102,0.392372
10.8772,3.54578,0.420927
10.8835,3.34627,0.408913
10.8899,3.55498,0.421472
10.8962,3.92264,0.442731
10.9026,3.62142,0.425393
10.909,3.57939,0.422917
10.9153,3.66347,0.427855
10.9217,3.787,0.435009
10.928,3.26564,0.403957
10.9344,3.38371,0.411194
10.9407,3.43563,0.414337
10.9471,3.64465,0.426755
10.9534,3.70795,0.430445
10.9598,3.3974,0.412026
10.9662,3.42204,0.413517
10.9725,3.57882,0.422884
10.9789,2.95745,0.384423
10.9852,3.60976,0.424707
10.9916,3.75222,0.433007
10.9979,3.287,0.405276
11.0043,3.33943,0.408495
11.0106,3.29299,0.405645
11.017,2.99792,0.387044
11.0233,2.8539,0.377633
11.0297,3.46001,0.415805
11.0361,3.82317,0.437082
11.0424,2.73149,0.369446
11.0488,3.18259,0.398787
11.0551,3.95748,0.444693
11.0615,3.43108,0.414063
11.0678,3.43356,0.414213
11.0742,3.56716,0.422194
11.0805,3.62821,0.425791
11.0869,2.93905,0.383225
11.0933,3.24587,0.402732
11.0996,3.1697,0.397979
11.106,2.97381,0.385485
11.1123,2.59053,0.359787
11.1187,3.33068,0.40796
11.125,3.2205,0.401155
11.1314,3.36816,0.410249
11.1377,2.95009,0.383945
11.1441,2.93292,0.382826
11.1504,2.58705,0.359545
11.1568,2.70307,0.367519
11.1632,3.18669,0.399044
11.1695,3.8053,0.436059
11.1759,2.63264,0.362699
11.1822,2.83521,0.376395
11.1886,2.50443,0.353757
11.1949,2.56333,0.357893
11.2013,2.99436,0.386814
11.2076,2.87629,0.379112
11.214,2.89553,0.380377
11.2204,2.98483,0.386199
11.2267,3.48954,0.417575
11.2331,3.27481,0.404524
11.2394,2.70169,0.367425
11.2458,3.72127,0.431217
11.2521,3.53574,0.42033
11.2585,3.90448,0.441705
11.2648,2.90067,0.380715
11.2712,2.26892,0.336713
11.2775,2.6094,0.361095
11.2839,2.59056,0.359789
11.2903,2.64186,0.363334
11.2966,3.34433,0.408795
11.303,3.15448,0.397022
11.3093,3.04691,0.390194
11.3157,3.02868,0.389025
11.322,2.54897,0.356889
11.3284,2.27971,0.337513
11.3347,2.66536,0.364946
11.3411,2.75325,0.370914
11.3474,2.67105,0.365335
11.3538,2.66965,0.36524
11.3602,3.29621,0.405843
11.3665,2.68768,0.366471
11.3729,2.61726,0.361638
11.3792,2.8837,0.3796
11.3856,2.47594,0.351739
11.3919,2.52976,0.355542
11.3983,2.91371,0.38157
11.4046,2.65991,0.364573
11.411,2.68132,0.366037
11.4174,3.4227,0.413557
11.4237,2.51193,0.354287
11.4301,3.08181,0.392422
11.4364,2.7231,0.368878
11.4428,2.96632,0.384999
11.4491,2.45616,0.350331
11.4555,2.28324,0.337775
11.4618,2.30299,0.339232
11.4682,2.61895,0.361755
11.4745,2.62627,0.36226
11.4809,2.24461,0.334905
11.4873,2.69313,0.366842
11.4936,2.56734,0.358173
11.5,2.68382,0.366208
11.5063,2.7268,0.369128
11.5127,2.5931,0.359965
11.519,2.75558,0.371071
11.5254,3.0193,0.388422
11.5317,2.4259,0.348167
11.5381,2.84602,0.377111
11.5445,2.23009,0.33382
11.5508,2.96026,0.384606
11.5572,2.42125,0.347833
11.5635,2.35825,0.343278
11.5699,2.23036,0.33384
11.5762,2.69929,0.367262
11.5826,2.18329,0.330299
11.5889,2.45006,0.349896
11.5953,3.12338,0.39506
11.6016,2.27842,0.337417
11.608,2.98584,0.386264
11.6144,2.59073,0.3598
11.6207,2.39197,0.345723
11.6271,2.98027,0.385904
11.6334,2.91765,0.381827
11.6398,2.1862,0.330518
11.6461,2.22398,0.333362
11.6525,2.09884,0.323848
11.6588,2.29556,0.338684
11.6652,2.27455,0.337131
11.6716,2.04478,0.319649
11.6779,2.28141,0.337639
11.6843,2.21117,0.332401
11.6906,2.46745,0.351136
11.697,2.44926,0.349839
11.7033,3.24002,0.402369
11.7097,2.55293,0.357166
11.716,2.79973,0.374032
11.7224,2.53353,0.355807
11.7287,2.94474,0.383596
11.7351,2.47446,0.351634
11.7415,2.80924,0.374667
11.7478,2.08602,0.322857
11.7542,2.44722,0.349693
11.7605,1.74656,0.295421
11.7669,2.17455,0.329636
11.7732,2.24608,0.335014
11.7796,2.71904,0.368603
11.7859,2.49007,0.352741
11.7923,2.11744,0.32528
11.7986,1.4989,0.273676
11.805,2.0561,0.320533
11.8114,1.84338,0.3035
11.8177,2.43657,0.348931
11.8241,2.53807,0.356125
11.8304,2.02473,0.318078
11.8368,2.79254,0.373551
11.8431,2.13539,0.326655
11.8495,1.95245,0.312349
11.8558,1.39764,0.26427
11.8622,1.84221,0.303403
11.8686,2.12198,0.325628
11.8749,2.49013,0.352746
11.8813,2.14337,0.327265
11.8876,1.64968,0.287111
11.894,1.87082,0.30575
11.9003,2.30952,0.339712
11.9067,2.22756,0.33363
11.913,2.01173,0.317056
11.9194,1.96101,0.313033
11.9257,1.65256,0.287362
11.9321,1.68038,0.289771
11.9385,1.73888,0.294772
11.9448,1.63672,0.285981
11.9512,2.24662,0.335055
11.9575,2.30334,0.339258
11.9639,2.17436,0.329622
11.9702,1.6757,0.289367
11.9766,1.81219,0.300921
11.9829,2.07149,0.32173
11.9893,1.70437,0.291832
11.9957,1.75333,0.295994
12.002,2.22411,0.333372
12.0084,2.01306,0.317161
12.0147,2.03633,0.318988
12.0211,1.73792,0.294691
12.0274,1.75524,0.296155
12.0338,1.87671,0.306231
12.0401,2.06175,0.320973
12.0465,2.20488,0.331927
12.0528,1.56287,0.279455
12.0592,1.46291,0.270371
12.0656,1.85551,0.304496
12.0719,1.90746,0.30873
12.0783,1.16542,0.241319
12.0846,1.49934,0.273716
12.091,1.7525,0.295923
12.0973,1.24455,0.249377
12.1037,1.87777,0.306317
12.11,1.65648,0.287703
12.1164,1.78097,0.298318
12.1228,1.98784,0.315168
12.1291,1.94829,0.312016
12.1355,1.86061,0.304915
12.1418,1.29798,0.254674
12.1482,1.52024,0.275617
12.1545,1.88997,0.307311
12.1609,2.13773,0.326834
12.1672,1.84746,0.303836
12.1736,2.09989,0.323929
12.1799,2.11182,0.324847
12.1863,1.92523,0.310165
12.1927,1.55262,0.278537
12.199,1.09217,0.233613
12.2054,1.98645,0.315057
12.2117,1.64917,0.287067
12.2181,1.73258,0.294237
12.2244,1.64893,0.287046
12.2308,1.26119,0.251039
12.2371,1.73985,0.294854
12.2435,1.1017,0.23463
12.2498,1.57069,0.280153
12.2562,1.6935,0.2909
12.2626,1.88313,0.306754
12.2689,2.05351,0.320331
12.2753,2.03972,0.319254
12.2816,1.73317,0.294287
12.288,1.44792,0.268982
12.2943,1.0734,0.231596
12.3007,1.41532,0.265937
12.307,1.95166,0.312286
12.3134,1.83267,0.302617
12.3198,1.81128,0.300845
12.3261,2.03662,0.319011
12.3325,1.81577,0.301218
12.3388,1.80508,0.30033
12.3452,1.28255,0.253156
12.3515,1.6987,0.291346
12.3579,1.43221,0.267519
12.3642,1.67828,0.28959
12.3706,1.58877,0.281761
12.3769,1.34581,0.259324
12.3833,2.13444,0.326582
12.3897,1.81788,0.301393
12.396,1.65236,0.287345
12.4024,1.34412,0.259161
12.4087,1.3409,0.258851
12.4151,1.22468,0.247379
12.4214,1.17674,0.242488
12.4278,1.39405,0.263931
12.4341,1.54122,0.277513
12.4405,1.57263,0.280326
12.4469,1.9167,0.309477
12.4532,1.77513,0.297828
12.4596,1.84837,0.30391
12.4659,1.92098,0.309822
12.4723,1.60304,0.283024
12.4786,1.46735,0.270781
12.485,1.43608,0.26788
12.4913,1.54503,0.277855
12.4977,2.05525,0.320467
12.504,1.41155,0.265582
12.5104,1.56979,0.280073
12.5168,1.85081,0.304111
12.5231,1.66272,0.288244
12.5295,1.65323,0.28742
12.5358,0.919941,0.214403
12.5422,1.23386,0.248304
12.5485,1.24034,0.248955
12.5549,1.44936,0.269115
12.5612,1.65553,0.28762
12.5676,1.43188,0.267488
12.574,1.27206,0.252118
12.5803,1.82683,0.302134
12.5867,1.53722,0.277152
12.593,1.28111,0.253013
12.5994,1.54247,0.277626
12.6057,1.12463,0.237058
12.6121,1.54278,0.277654
12.6184,1.78359,0.298537
12.6248,1.92482,0.310132
12.6311,1.404,0.264871
12.6375,1.50881,0.274579
12.6439,1.58919,0.281799
12.6502,1.32794,0.257597
12.6566,1.47139,0.271153
12.6629,1.6525,0.287357
12.6693,1.50438,0.274176
12.6756,1.27908,0.252814
12.682,1.28002,0.252906
12.6883,1.42924,0.267241
12.6947,1.48255,0.272179
12.701,1.2296,0.247875
12.7074,1.57714,0.280728
12.7138,1.67176,0.289026
12.7201,1.42312,0.266668
12.7265,1.40189,0.264671
12.7328,1.45245,0.269402
12.7392,1.61247,0.283855
12.7455,1.58128,0.281097
12.7519,1.12356,0.236946
12.7582,1.41176,0.265602
12.7646,1.16913,0.241703
12.771,1.47516,0.2715
12.7773,1.68046,0.289778
12.7837,1.52171,0.275751
12.79,0.872392,0.208788
12.7964,0.961601,0.219204
12.8027,0.811164,0.201328
12.8091,1.19415,0.244275
12.8154,1.12018,0.236589
12.8218,1.00791,0.22442
12.8281,1.41682,0.266078
12.8345,1.42513,0.266857
12.8409,1.1405,0.238725
12.8472,1.07653,0.231934
12.8536,1.19293,0.244151
12.8599,1.07436,0.2317
12.8663,0.896297,0.21163
12.8726,1.19828,0.244697
12.879,1.43438,0.267722
12.8853,1.24581,0.249504
12.8917,1.40377,0.264849
12.8981,1.47661,0.271634
12.9044,1.26636,0.251553
12.9108,0.977976,0.221062
12.9171,1.19807,0.244677
12.9235,1.2962,0.2545
12.9298,1.39547,0.264066
12.9362,1.15749,0.240497
12.9425,1.03451,0.227362
12.9489,0.967032,0.219822
12.9552,1.14384,0.239074
12.9616,1.07508,0.231777
12.968,1.0481,0.22885
12.9743,1.01275,0.224959
12.9807,1.14799,0.239508
12.987,1.16189,0.240954
12.9934,1.25019,0.249942
12.9997,0.973708,0.22058
13.0061,1.12005,0.236576
13.0124,1.40362,0.264835
13.0188,1.1905,0.243902
13.0252,0.628208,0.177175
13.0315,1.21366,0.246263
13.0379,1.24347,0.249269
13.0442,1.11445,0.235984
13.0506,0.682661,0.184694
13.0569,0.99113,0.222544
13.0633,1.23264,0.248181
13.0696,1.17163,0.241962
13.076,1.44266,0.268493
13.0823,1.15146,0.23987
13.0887,0.692459,0.186015
13.0951,1.04621,0.228644
13.1014,1.14291,0.238977
13.1078,1.10367,0.234839
13.1141,1.1758,0.242391
13.1205,1.26452,0.25137
13.1268,1.03778,0.227722
13.1332,1.19959,0.244832
13.1395,1.21349,0.246246
13.1459,1.26168,0.251088
13.1522,1.01216,0.224893
13.1586,1.11194,0.235717
13.165,1.2683,0.251746
13.1713,1.67816,0.289579
13.1777,0.966101,0.219716
13.184,0.95565,0.218524
13.1904,0.936262,0.216296
13.1967,1.26275,0.251194
13.2031,1.08956,0.233333
13.2094,0.881328,0.209855
13.2158,0.82739,0.203332
13.2222,1.34133,0.258892
13.2285,1.05797,0.229925
13.2349,1.05175,0.229248
13.2412,0.767071,0.19578
13.2476,0.306614,0.123779
13.2539,1.35427,0.260137
13.2603,1.12637,0.237242
13.2666,0.631665,0.177662
13.273,0.734479,0.191576
13.2793,0.797553,0.199632
13.2857,0.971005,0.220273
13.2921,1.10872,0.235376
13.2984,0.991631,0.2226
13.3048,1.15945,0.240701
13.3111,0.874348,0.209022
13.3175,0.909515,0.213185
13.3238,1.15259,0.239987
13.3302,0.902546,0.212366
13.3365,1.01955,0.225712
13.3429,0.822733,0.202759
13.3493,0.98642,0.222015
13.3556,0.725546,0.190407
13.362,1.21263,0.246158
13.3683,0.941586,0.216911
13.3747,0.939578,0.216679
13.381,0.631517,0.177641
13.3874,0.95377,0.218309
13.3937,1.22212,0.24712
13.4001,1.1607,0.24083
13.4064,0.994701,0.222945
13.4128,0.911614,0.21343
13.4192,1.01565,0.22528
13.4255,1.14576,0.239276
13.4319,0.916391,0.213989
13.4382,0.815181,0.201826
13.4446,0.827032,0.203288
13.4509,1.1809,0.242916
13.4573,0.916679,0.214022
13.4636,0.791713,0.1989
13.47,1.0082,0.224453
13.4764,0.443586,0.148881
13.4827,0.82115,0.202564
13.4891,1.3472,0.259458
13.4954,0.887761,0.21062
13.5018,0.921361,0.214568
13.5081,0.811855,0.201414
13.5145,1.05984,0.230129
13.5208,1.073,0.231553
13.5272,0.848679,0.205931
13.5335,0.76096,0.194999
13.5399,0.915383,0.213871
13.5463,1.10624,0.235112
13.5526,1.0154,0.225252
13.559,0.801879,0.200173
13.5653,0.951837,0.218088
13.5717,0.785676,0.19814
13.578,0.670154,0.182995
13.5844,0.680487,0.1844
13.5907,0.921207,0.21455
13.5971,1.12082,0.236656
13.6034,0.730117,0.191006
13.6098,0.985342,0.221893
13.6162,0.906903,0.212878
13.6225,0.717335,0.189327
13.6289,0.804589,0.200511
13.6352,0.96734,0.219857
13.6416,1.07227,0.231474
13.6479,0.885104,0.210304
13.6543,0.861291,0.207456
13.6606,0.656507,0.181122
13.667,0.872788,0.208836
13.6734,0.694649,0.186309
13.6797,0.770737,0.196247
13.6861,0.81749,0.202112
13.6924,0.574974,0.169502
13.6988,0.669541,0.182911
13.7051,1.02585,0.226408
13.7115,1.05716,0.229838
13.7178,0.522411,0.161569
13.7242,0.780876,0.197534
13.7305,0.747183,0.193225
13.7369,0.774092,0.196674
13.7433,0.87139,0.208669
13.7496,0.722291,0.18998
13.756,1.02455,0.226265
13.7623,0.710994,0.188488
13.7687,0.724231,0.190234
13.775,0.6418,0.179082
13.7814,0.659772,0.181572
13.7877,0.715814,0.189126
13.7941,0.707358,0.188005
13.8005,0.880783,0.20979
13.8068,0.55086,0.16591
13.8132,0.71578,0.189121
13.8195,0.720536,0.189749
13.8259,0.800836,0.200043
13.8322,0.65316,0.180659
13.8386,0.611677,0.174828
13.8449,0.819919,0.202412
13.8513,0.921099,0.214538
13.8576,0.751285,0.193755
13.864,0.791109,0.198824
13.8704,0.821716,0.202634
13.8767,0.913773,0.213683
13.8831,1.08301,0.232631
13.8894,0.953567,0.218286
13.8958,0.81647,0.201986
13.9021,0.488336,0.15621
13.9085,0.795176,0.199334
13.9148,0.85818,0.207081
13.9212,0.692676,0.186044
13.9276,0.496164,0.157458
13.9339,0.596286,0.172615
13.9403,0.49952,0.157989
13.9466,0.564025,0.16788
13.953,0.683432,0.184798
13.9593,0.436532,0.147693
13.9657,0.499218,0.157941
13.972,0.934058,0.216042
13.9784,0.625377,0.176775
13.9847,0.76096,0.194999
13.9911,0.865798,0.207998
