4.999999999999999237e-03,9.998054482128492237e-01,1.806461735769256918e-04
5.068938224565731725e-03,9.999374598465075037e-01,1.806461681105298283e-04
5.138826944892718740e-03,1.000130974085392976e+00,1.806461675842315037e-04
5.209679266079008698e-03,9.998211088257660251e-01,1.806462034900975662e-04
5.281508473911087319e-03,9.997974339040842651e-01,1.806462326691889739e-04
5.354328037355147833e-03,9.999669934445917230e-01,1.806461499846609127e-04
5.428151611082704386e-03,1.000147968867693971e+00,1.806461910565849592e-04
5.502993038031042151e-03,1.000096883172157280e+00,1.806462005224349380e-04
5.578866351998930904e-03,1.000043968556519225e+00,1.806461568136262573e-04
5.655785780278193599e-03,9.996261834248475475e-01,1.806461229148829072e-04
5.733765746321491628e-03,9.998723611480542228e-01,1.806461834299655169e-04
5.812820872446934801e-03,1.000032419308971132e+00,1.806462132438486771e-04
5.892965982579959246e-03,9.999745953005332311e-01,1.806461472612704705e-04
5.974216105033022285e-03,9.998257556603237228e-01,1.806461553207516400e-04
6.056586475323619094e-03,1.000243958245891740e+00,1.806462049015717481e-04
6.140092539031145880e-03,1.000093289104603267e+00,1.806461937975319956e-04
6.224749954693167310e-03,9.998828902704649524e-01,1.806462575458795522e-04
6.310574596741600796e-03,9.999856351647016250e-01,1.806463228784623476e-04
6.397582558479396157e-03,1.000295501215014982e+00,1.806462786480200408e-04
6.485790155098256245e-03,1.000220000196220482e+00,1.806461352448806884e-04
6.575213926737931945e-03,1.000104438565441622e+00,1.806461133731902488e-04
6.665870641587769846e-03,9.998269315819242609e-01,1.806461975147515345e-04
6.757777299030949709e-03,1.000118314626811333e+00,1.806462539945777757e-04
6.850951132832109984e-03,9.998013580770815922e-01,1.806461980215177672e-04
6.945409614368917330e-03,9.998610250138417754e-01,1.806462659003014971e-04
7.041170455908189914e-03,9.999343410650072261e-01,1.806461900458312768e-04
7.138251613927189439e-03,9.997375232538487921e-01,1.806462164149951280e-04
7.236671292480711601e-03,9.999075348481533121e-01,1.806460932462105218e-04
7.336447946614596018e-03,9.998721553493271630e-01,1.806461801565089785e-04
7.437600285826300936e-03,9.997611865560571687e-01,1.806461844268223837e-04
7.540147277573189775e-03,9.997983216830161890e-01,1.806461780784933760e-04
7.644108150829205181e-03,9.997847075485060131e-01,1.806462300945437243e-04
7.749502399690526462e-03,1.000005424293190393e+00,1.806461653025571968e-04
7.856349787031036147e-03,1.000039967273868458e+00,1.806461962617794161e-04
7.964670348208092651e-03,9.998984072089227571e-01,1.806462200867706581e-04
8.074484394819453001e-03,9.998346128322598281e-01,1.806461604440549515e-04
8.185812518511964911e-03,9.998596594988435893e-01,1.806462003182475766e-04
8.298675594842798431e-03,1.000281590776166185e+00,1.806462151880111188e-04
8.413094787193884164e-03,9.998832337289768057e-01,1.806461536901414152e-04
8.529091550740356895e-03,1.000103181411532871e+00,1.806461457046879438e-04
8.646687636473682909e-03,9.999796829611150573e-01,1.806461681792935080e-04
8.765905095280275908e-03,9.999554478612612263e-01,1.806461333703637351e-04
8.886766282076340520e-03,9.999293223085548021e-01,1.806462137195399137e-04
9.009293859999732701e-03,9.999795662069574931e-01,1.806461482331754272e-04
9.133510804659608975e-03,9.999868373467220017e-01,1.806461863933271151e-04
9.259440408444641682e-03,9.998809396974989161e-01,1.806461488243572074e-04
9.387106284890716149e-03,9.998579270191266799e-01,1.806461288115824041e-04
9.516532373108753384e-03,9.996765596538802479e-01,1.806462072235911153e-04
9.647742942273640140e-03,9.998769923777650614e-01,1.806462250606075115e-04
9.780762596175024415e-03,9.999588636415338572e-01,1.806462067735406366e-04
9.915616277830869782e-03,9.990174694166722436e-01,1.805355675268911829e-04
1.005232927416461683e-02,9.653859577788493906e-01,1.744127027579445122e-04
1.019092722074682600e-02,7.551785198774396690e-01,1.364610540975217030e-04
1.033143610660220563e-02,5.263959879086909099e-01,9.508780831355574377e-05
1.047388227908289775e-02,4.120303360794985159e-01,7.445604750508267873e-05
1.061829244880898963e-02,3.425673020676437419e-01,6.188468665757794408e-05
1.076469369467711150e-02,2.926158673085608730e-01,5.285249502636131421e-05
1.091311346893810742e-02,2.541983871971085218e-01,4.590573944177440768e-05
1.106357960234470583e-02,2.233028410437448152e-01,4.034542162981684258e-05
1.121612030937016620e-02,1.980563590451781264e-01,3.577246714834329903e-05
1.137076419349889074e-02,1.768126835136749619e-01,3.193637752912592906e-05
1.152754025258997429e-02,1.586804531469070967e-01,2.866885001931703610e-05
1.168647788431468638e-02,1.430887560528360802e-01,2.585192170314382136e-05
1.184760689166895753e-02,1.295039488647498072e-01,2.339918849334016252e-05
1.201095748856183601e-02,1.176052869219510466e-01,2.124580523441606944e-05
1.217656030548102883e-02,1.070580684614222816e-01,1.934198545198105083e-05
1.234444639523651563e-02,9.773461735147333240e-02,1.764872109355845504e-05
1.251464723878340651e-02,8.929491631731824308e-02,1.613489588469763940e-05
1.268719475112504123e-02,8.180222448032146987e-02,1.477520449962813668e-05
1.286212128729748855e-02,7.501586592733983094e-02,1.354905408985308692e-05
1.303945964843657504e-02,6.884982595813170236e-02,1.243943678377795824e-05
1.321924308792852068e-02,6.327762132415690188e-02,1.143201778373229451e-05
1.340150531764544399e-02,5.821902788942446422e-02,1.051476591004865856e-05
1.358628051426678286e-02,5.355419316926673251e-02,9.677545913700760617e-06
1.377360332568789390e-02,4.932345266329994649e-02,8.911648827857247029e-06
1.396350887751701166e-02,4.545937683601856266e-02,8.209428779515886280e-06
1.415603277966178374e-02,4.188216354526626273e-02,7.564555627209471712e-06
1.435121113300662915e-02,3.857884638770120445e-02,6.971207129320994339e-06
1.454908053618212023e-02,3.556841672540239641e-02,6.424635023101516860e-06
1.474967809242776901e-02,3.276734712824509038e-02,5.920280390003177330e-06
1.495304141654937857e-02,3.018953291169177919e-02,5.454383841303274183e-06
1.515920864197233334e-02,2.780672480946929509e-02,5.023648372408281937e-06
1.536821842789215693e-02,2.560247873552974271e-02,4.625049050621019597e-06
1.558010996652360765e-02,2.355351453061091740e-02,4.255746959459583515e-06
1.579492299044980841e-02,2.166447452618386685e-02,3.913610883612980681e-06
1.601269778007262390e-02,1.990737773218492074e-02,3.596201789782380623e-06
1.623347517116579403e-02,1.828257039997841643e-02,3.301933086191811086e-06
1.645729656253220458e-02,1.676460179779559745e-02,3.028636570721605571e-06
1.668420392376674527e-02,1.535918234451659481e-02,2.775067421778476002e-06
1.691423980312616732e-02,1.406022309053212016e-02,2.539665989976819344e-06
1.714744733550748607e-02,1.284755568392997004e-02,2.321186471699886865e-06
1.738387025053634433e-02,1.172722729544767827e-02,2.118291220395639802e-06
1.762355288076694962e-02,1.068367504651405314e-02,1.930128190285234042e-06
1.786654016999503214e-02,9.716249360447157951e-03,1.755535282814501423e-06
1.811287768168538814e-02,8.826916475406553289e-03,1.593804829917501786e-06
1.836261160751572266e-02,7.992344621896164958e-03,1.443982644771798633e-06
1.861578877603817239e-02,7.224103822846329216e-03,1.305237333187760966e-06
1.887245666146032327e-02,6.512320021106266302e-03,1.176854269503635554e-06
1.913266339254728055e-02,5.858191894143610287e-03,1.058477678085499539e-06
1.939645776164648089e-02,5.253496078427018212e-03,9.491099817316667858e-07
1.966388923383690507e-02,4.698293571814977400e-03,8.485408010057005258e-07
1.993500795620449170e-02,4.184982447449462316e-03,7.560157774649744979e-07
2.020986476724538627e-02,3.713773097965970479e-03,6.710235085802456823e-07
2.048851120639888848e-02,3.284897887953523374e-03,5.933462506799827555e-07
2.077099952371173550e-02,2.891338793382548702e-03,5.223980559166538721e-07
2.105738268963580628e-02,2.534329167757483781e-03,4.578820976068552774e-07
2.134771440496075270e-02,2.209145689389383285e-03,3.992682411047016099e-07
2.164204911088361480e-02,1.917912246945298977e-03,3.463386410390675517e-07
2.194044199921735272e-02,1.653653908512585629e-03,2.987605332439611433e-07
2.224294902274004740e-02,1.418349996499953906e-03,2.560971002806724526e-07
2.254962690568680650e-02,1.208876023727691040e-03,2.183848626444849583e-07
2.286053315438634631e-02,1.023316363368484416e-03,1.849644447427270175e-07
2.317572606804423757e-02,8.620060380161411384e-04,1.557272064462547636e-07
2.349526474967478240e-02,7.219931613000277887e-04,1.303950911025503681e-07
2.381920911718366646e-02,6.022478776490335084e-04,1.088064495087506885e-07
2.414761991460338819e-02,5.028360792105807976e-04,9.083449017699253247e-08
2.448055872348356074e-02,4.207219397148682428e-04,7.599518276997781576e-08
2.481808797443838324e-02,3.543865963967319588e-04,6.403188308364123419e-08
2.516027095885318282e-02,3.047466919986076121e-04,5.503672976730374902e-08
2.550717184075240035e-02,2.700981692745936112e-04,4.878656711633009181e-08
2.585885566883130288e-02,2.485039986590838841e-04,4.488891784747414140e-08
2.621538838865345236e-02,2.394654052539635640e-04,4.326281130955840558e-08
2.657683685501642870e-02,2.419955232400819618e-04,4.369190601612157964e-08
2.694326884448801709e-02,2.556870429476285197e-04,4.618523511553166610e-08
2.731475306811526060e-02,2.781484195030880092e-04,5.024538838540440040e-08
2.769135918430871285e-02,3.103614743710227065e-04,5.606855230567934787e-08
2.807315781190435761e-02,3.500704553022997829e-04,6.324833289510635338e-08
2.846022054340563087e-02,3.969136851782900134e-04,7.170154029371059488e-08
2.885261995840794277e-02,4.504878571655634750e-04,8.137946077101797855e-08
2.925042963720843325e-02,5.088359879374700209e-04,9.194403439761782937e-08
2.965372417460325483e-02,5.721803304620841704e-04,1.033445667717737694e-07
3.006257919387507124e-02,6.394543329757319686e-04,1.155324760393543267e-07
3.047707136097356495e-02,7.101681332634477567e-04,1.282837725703415411e-07
3.089727839889129177e-02,7.833561446605202426e-04,1.415320732003069335e-07
3.132327910223783873e-02,8.583927073794987575e-04,1.550798153750707421e-07
3.175515335201486988e-02,9.347629000900462308e-04,1.688418485944332983e-07
3.219298213059496733e-02,1.011581208178556754e-03,1.827447805836287117e-07
3.263684753690687668e-02,1.087566017678763715e-03,1.964897737759090250e-07
3.308683280183024461e-02,1.163323742475610469e-03,2.101950306289332528e-07
3.354302230380254435e-02,1.237466542501985825e-03,2.236140125296310377e-07
3.400550158464112765e-02,1.309994691172573474e-03,2.366897727990475024e-07
3.447435736558359526e-02,1.380955220213989955e-03,2.494296428113763567e-07
3.494967756354919880e-02,1.447942880490794013e-03,2.616107763274339602e-07
3.543155130762437599e-02,1.511905598021959663e-03,2.731380819056434414e-07
3.592006895577582598e-02,1.572127131333484005e-03,2.838744877137888259e-07
3.641532211179379641e-02,1.626543894398745646e-03,2.938951226444820030e-07
3.691740364246906547e-02,1.677872753193295667e-03,3.032198136093592027e-07
3.742640769500672759e-02,1.724094543143092585e-03,3.115037359679016896e-07
3.794242971468012732e-02,1.764937487897269954e-03,3.188423406522278960e-07
3.846556646272815405e-02,1.799917346166780840e-03,3.251250814501022411e-07
3.899591603449928390e-02,1.828916200924292053e-03,3.303721059291625578e-07
3.953357787784585881e-02,1.852371794843575515e-03,3.346570881818680109e-07
4.007865281177181577e-02,1.869219823688412488e-03,3.376945236052072089e-07
4.063124304533780040e-02,1.879755113045105926e-03,3.396149962386663289e-07
4.119145219682669029e-02,1.884628100442745221e-03,3.403734659136907271e-07
4.175938531317338609e-02,1.882176063245998444e-03,3.401164262987053845e-07
4.233514888966267986e-02,1.873872686683384151e-03,3.385725194470928673e-07
4.291885088989853825e-02,1.858820686346897462e-03,3.357298965081056266e-07
4.351060076604873483e-02,1.837184243183916750e-03,3.318921551980364864e-07
4.411050947936869665e-02,1.810447553399494600e-03,3.269813133893048976e-07
4.471868952100821470e-02,1.777240246239014448e-03,3.210132392298022991e-07
4.533525493310511245e-02,1.737977366735009256e-03,3.139588454470531694e-07
4.596032133016973720e-02,1.694378203225707169e-03,3.060614686828437702e-07
4.659400592076422959e-02,1.644677125275477263e-03,2.971292507168848992e-07
4.723642752948079698e-02,1.591188313017229431e-03,2.905821559739138579e-07
4.788770661922284871e-02,1.532884778387500705e-03,3.005801251548224678e-07
4.854796531379362845e-02,1.470855267157835430e-03,2.973510352928495132e-07
4.921732742079598655e-02,1.405273587528411408e-03,2.977505663963179987e-07
4.989591845484799004e-02,1.337023035114381789e-03,3.001584932803638773e-07
5.058386566111874177e-02,1.266464398971494211e-03,2.910389756999589952e-07
5.128129803918855117e-02,1.193479493266175195e-03,2.921973840501343673e-07
5.198834636723811964e-02,1.118696369843081911e-03,3.113273723770034248e-07
5.270514322657126466e-02,1.044818915621752121e-03,2.937726583410898146e-07
5.343182302647575543e-02,9.695114366436350349e-04,2.938728866800361240e-07
5.416852202942690903e-02,8.948311349557372439e-04,2.779339362598100307e-07
5.491537837663859611e-02,8.199335389855452261e-04,2.776487610526503571e-07
5.567253211396677032e-02,7.478427355815510467e-04,2.706583038122767515e-07
5.644012521816988565e-02,6.768338763880306710e-04,2.543805572056854218e-07
5.721830162353153809e-02,6.082292358634981732e-04,2.361794564746589200e-07
5.800720724885009838e-02,5.423178021028713779e-04,2.208484714505662934e-07
5.880699002480056781e-02,4.795930571582064997e-04,1.995580170377391573e-07
5.961779992167346581e-02,4.196813397609278702e-04,1.821322052094222607e-07
6.043978897749650858e-02,3.634502696831156537e-04,1.645764437145511674e-07
6.127311132654372772e-02,3.123993878450180258e-04,1.452580094371280241e-07
6.211792322823780910e-02,2.644232747497839175e-04,1.324300813321181822e-07
6.297438309645084220e-02,2.212996048033374810e-04,1.144103066348378681e-07
6.384265152920919062e-02,1.823362167133341647e-04,9.577099468136040577e-08
6.472289133880766709e-02,1.475194309642318118e-04,7.869802858119862162e-08
6.561526758233930667e-02,1.174302510655473317e-04,6.592612028196787408e-08
6.651994759264569235e-02,9.115738500122230379e-05,5.203432543800721779e-08
6.743710100969420307e-02,6.932949576398028310e-05,4.162394371281505886e-08
6.836689981238786018e-02,5.076696960251175268e-05,3.093144200150540530e-08
6.930951835081375356e-02,3.659266960184393415e-05,2.331380224293294953e-08
7.026513337893598721e-02,2.533645766284635062e-05,1.666104390077784610e-08
7.123392408773962514e-02,1.684195298212861155e-05,1.141789182888290730e-08
7.221607213883141085e-02,1.131364490211742928e-05,8.042237725233316457e-09
7.321176169850378279e-02,7.673281972941228211e-06,5.720184014242441306e-09
7.422117947226865298e-02,6.258251190240324471e-06,4.870158273656754980e-09
7.524451473986720762e-02,6.023053007992102884e-06,4.786920303530083780e-09
7.628195939076254373e-02,6.730601226936496975e-06,5.779421840888632492e-09
7.733370796012144222e-02,8.854571792641086262e-06,7.853177808941219912e-09
7.839995766529256338e-02,1.109706437723328629e-05,1.033023218316163030e-08
7.948090844278732359e-02,1.402095442920599318e-05,1.365921765509808863e-08
8.057676298577078067e-02,1.540040609466794842e-05,1.584939267106172117e-08
8.168772678206934201e-02,1.806787964426708273e-05,1.949495532692810136e-08
8.281400815270269222e-02,1.973976681444912184e-05,2.229861836088788389e-08
8.395581829094656001e-02,2.106180743913331968e-05,2.513941425311902166e-08
8.511337130193477596e-02,2.154748004596574915e-05,2.717684401626672744e-08
8.628688424280664404e-02,2.136514212799412682e-05,2.835368857846328765e-08
8.747657716340823120e-02,2.052959445906544117e-05,2.870045036692564002e-08
8.868267314755476360e-02,1.981491857018255427e-05,2.954166577737265974e-08
8.990539835486191511e-02,1.760255771238009137e-05,2.758721742101614865e-08
9.114498206315373163e-02,1.544099719633778366e-05,2.589304994850966954e-08
9.240165671145560145e-02,1.380981729799018137e-05,2.418248306173284268e-08
9.367565794357961273e-02,1.164710639987912350e-05,2.172654022821261170e-08
9.496722465231105526e-02,8.837734271332345674e-06,1.748195621986700218e-08
9.627659902420411531e-02,7.261238591587015803e-06,1.525719363632887691e-08
9.760402658499528483e-02,5.910473146598036801e-06,1.318482488126855364e-08
9.894975624564249228e-02,4.350999599787453773e-06,1.031226417812435817e-08
1.003140403489998084e-01,3.205904418735041447e-06,8.008443519202751818e-09
1.016971347171348600e-01,2.390590789421630950e-06,6.297892433342135090e-09
1.030992986992991384e-01,2.362866876818467587e-06,6.678605830529077326e-09
1.045207952205595009e-01,2.678213886196693557e-06,8.114029826550186819e-09
1.059618908311003166e-01,2.941095642739883027e-06,9.345764131404413909e-09
1.074228557562051239e-01,3.975468041025023785e-06,1.352673670875335237e-08
1.089039639469278203e-01,3.859493421279193727e-06,1.426003692003036232e-08
1.104054931314621679e-01,5.354506610346482413e-06,2.094243318892594978e-08
1.119277248672195940e-01,5.952662964307501441e-06,2.474777277310745304e-08
1.134709445936251671e-01,6.446730431484038247e-06,2.854661152252591912e-08
1.150354416856414486e-01,6.133709085771771589e-06,2.898445240583750486e-08
1.166215095080300329e-01,6.158893332401248373e-06,3.114480314579590871e-08
1.182294454703618908e-01,5.905550495273082086e-06,3.217432309188224423e-08
1.198595510827854399e-01,5.312965424555319603e-06,3.113351268296131145e-08
1.215121320125640281e-01,4.520154915626846284e-06,2.891231167476162384e-08
1.231874981413926401e-01,3.739284654570721857e-06,2.511057493851944943e-08
1.248859636235051113e-01,2.983191894347861723e-06,2.217564093632365388e-08
1.266078469445821308e-01,2.683948482572139993e-06,2.139148356145472488e-08
1.283534709814720121e-01,2.155693056435347588e-06,1.902172878088237980e-08
1.301231630627343872e-01,2.790762558607015096e-06,2.578792940518174691e-08
1.319172550300188318e-01,3.107008583800845903e-06,3.192943103094361173e-08
1.337360833002897154e-01,4.027053213646105251e-06,4.466628283810585688e-08
1.355799889289091564e-01,5.074826502814841345e-06,6.120877735477488027e-08
1.374493176735892830e-01,6.512422344157472164e-06,8.375725303280920390e-08
1.393444200592269810e-01,7.937910462936969948e-06,1.137659928417501336e-07
1.412656514436319288e-01,9.735736716470556036e-06,1.592577989764334733e-07
1.432133720841610447e-01,1.167221170442572969e-05,1.948117191899547327e-07
1.451879472052717557e-01,1.211605756627564860e-05,2.348344535771684347e-07
1.471897470670067709e-01,1.430502872611409752e-05,2.867575918150789515e-07
1.492191470344225168e-01,1.474522360090820560e-05,3.353590705363582240e-07
1.512765276479757226e-01,1.521453364190132706e-05,3.804639444129014767e-07
1.533622746948797855e-01,1.358478492640133236e-05,3.855765498937638252e-07
1.554767792814452099e-01,1.270476386431572401e-05,4.046761444720589620e-07
1.576204379064174155e-01,1.220477843971610606e-05,4.098563964632016560e-07
1.597936525353258197e-01,1.190251262089547180e-05,4.203786749852160664e-07
1.619968306758576004e-01,9.180619763738410755e-06,4.101514544085001514e-07
1.642303854542714325e-01,7.463946669782779155e-06,3.706726647735978364e-07
1.664947356928641042e-01,6.053357904122820740e-06,3.271661665854268739e-07
1.687903059885054735e-01,4.924343334338207000e-06,2.762777401554845877e-07
1.711175267922563359e-01,3.939970440336343122e-06,2.476992984300690898e-07
1.734768344900837755e-01,3.263356716940644136e-06,2.428985146895668165e-07
1.758686714846898203e-01,3.998437105574710944e-06,2.723141652392401699e-07
1.782934862784675278e-01,2.992637437211458502e-06,2.501646746513598387e-07
1.807517335576019901e-01,2.886557086213572580e-06,2.738656073115314678e-07
1.832438742773298546e-01,4.457088740532456225e-06,3.630939350395746874e-07
1.857703757483749329e-01,2.598659947945484298e-06,3.051966642275141897e-07
1.883317117245753292e-01,3.856454915618978942e-06,4.000017586620205761e-07
1.909283624917189337e-01,3.322312378150849526e-06,4.363475052013778101e-07
1.935608149576032444e-01,2.664979386133416452e-06,4.595890119311037337e-07
1.962295627433379430e-01,3.827838743633429498e-06,4.440093604135559729e-07
1.989351062759050770e-01,2.609346608555293869e-06,3.847724751376490497e-07
2.016779528819963030e-01,1.937350732525544426e-06,3.242708496967606077e-07
2.044586168831435402e-01,1.379126715373308474e-06,3.361009914249873929e-07
2.072776196921614633e-01,1.393014382634445378e-06,3.209999478137145311e-07
2.101354899109192098e-01,1.886240246812290965e-06,4.443149689008021305e-07
2.130327634294610362e-01,1.955784599489017651e-06,5.061959986089975328e-07
2.159699835264927703e-01,1.111274887464402665e-06,4.178803271186307780e-07
2.189477009712541278e-01,1.788024846824736283e-06,6.201462896687790881e-07
2.219664741267955432e-01,1.881624483315602034e-06,6.586421485592716453e-07
2.250268690546790296e-01,1.504080453797108251e-06,6.425094811985677873e-07
2.281294596211220493e-01,2.896134586388283708e-06,7.068862361569171980e-07
2.312748276046060480e-01,1.133801720286752357e-06,8.275204631416818509e-07
2.344635628049675236e-01,3.053651714142952957e-06,9.843068786301573691e-07
2.376962631539936421e-01,1.728485684775385820e-06,1.016395796430547819e-06
2.409735348275427180e-01,1.725313423625935231e-06,1.134553702735202668e-06
2.442959923592107063e-01,3.072774497418569126e-06,1.430851482545368417e-06
2.476642587555642483e-01,3.423020500240338316e-06,1.631161585563154125e-06
2.510789656129636116e-01,3.280081026909818143e-06,2.291964603069755134e-06
2.545407532359952318e-01,1.860075431162559082e-06,2.395662784416976413e-06
2.580502707575379473e-01,2.822767568861158475e-06,2.830000508842475221e-06
2.616081762604842154e-01,4.123076908066055916e-06,3.279394437002121752e-06
2.652151369011397364e-01,1.368954318307349114e-06,4.274017968737812317e-06
2.688718290343241613e-01,7.217433976464922971e-06,3.301116619954817334e-06
2.725789383401976407e-01,6.924361820048140407e-06,4.973475498345685750e-06
2.763371599528346989e-01,-3.161208657459087908e-06,6.089850713194711870e-06
2.801471985905717443e-01,1.439895907860762217e-05,7.066451741231479049e-06
2.840097686881512540e-01,5.461434656745020386e-07,6.323221689365782798e-06
2.879255945306885001e-01,1.328498470522675894e-06,8.677804458864975674e-06
2.918954103894842445e-01,1.092392356287679372e-05,1.094167783179933858e-05
2.959199606597116006e-01,-6.855648411449086296e-06,1.259603000690557137e-05
2.999999999999999334e-01,2.044813540673377347e-05,1.199668188826115572e-05
